0001	2.655152
0002	2.277130
0003	2.306132
0004	2.286131
0005	2.292131
0006	2.298131
0007	2.308132
0008	2.358135
0009	2.295131
0010	2.296131
0011	2.290131
0012	2.304132
0013	2.294131
0014	2.294131
0015	2.286131
0016	2.304132
0017	2.364135
0018	2.284131
0019	2.296131
0020	2.287131
0021	2.312132
0022	2.289131
0023	2.293131
0024	2.294131
0025	2.337134
0026	2.328133
0027	2.299131
0028	2.289131
0029	2.316132
0030	2.424139
0031	2.283131
0032	2.294131
0033	2.283131
0034	2.373136
0035	2.287131
0036	2.291131
0037	2.290131
0038	2.289131
0039	2.299131
0040	2.288131
0041	2.290131
0042	2.316133
0043	2.366135
0044	2.289131
0045	2.291131
0046	2.290131
0047	2.289131
0048	2.302132
0049	2.289131
0050	2.286131
0051	2.340134
0052	2.312132
0053	2.286131
0054	2.295131
0055	2.292131
0056	2.306132
0057	2.291131
0058	2.285131
0059	2.286131
0060	2.363135
0061	2.307132
0062	2.286131
0063	2.293131
0064	2.278130
0065	2.302132
0066	2.284131
0067	2.282130
0068	2.285131
0069	2.368135
0070	2.291131
0071	2.299132
0072	2.290131
0073	2.293131
0074	2.299132
0075	2.293131
0076	2.294131
0077	2.294131
0078	2.357135
0079	2.349135
0080	2.357135
0081	2.284131
0082	2.307132
0083	2.287131
0084	2.286131
0085	2.294131
0086	2.354135
0087	2.307132
0088	2.295131
0089	2.299132
0090	2.282130
0091	2.303132
0092	2.285131
0093	2.344134
0094	2.320133
0095	2.370135
0096	2.282131
0097	2.293131
0098	2.290131
0099	2.281131
0100	2.305132
0101	2.289131
0102	2.282130
0103	2.306132
0104	2.343134
0105	2.302132
0106	2.299132
0107	2.302132
0108	2.289131
0109	2.294132
0110	2.293131
0111	2.352134
0112	2.298132
0113	2.331133
0114	2.295131
0115	2.287131
0116	2.305132
0117	2.295131
0118	2.286131
0119	2.278130
0120	2.371135
0121	2.288131
0122	2.305132
0123	2.305132
0124	2.292131
0125	2.316132
0126	2.298132
0127	2.299131
0128	2.353135
0129	2.349134
0130	2.288131
0131	2.293131
0132	2.289131
0133	2.311132
0134	2.293131
0135	2.298131
0136	2.290131
0137	2.338134
0138	2.297131
0139	2.289131
0140	2.294131
0141	2.288131
0142	2.309132
0143	2.316133
0144	2.289131
0145	2.321133
0146	2.364135
0147	2.287131
0148	2.286131
0149	2.296131
0150	2.285131
0151	2.284131
0152	2.289131
0153	2.291131
0154	2.299131
0155	2.349134
0156	2.295131
0157	2.287131
0158	2.290131
0159	2.379136
0160	2.325133
0161	2.286131
0162	2.287131
0163	2.349134
0164	2.293131
0165	2.286131
0166	2.299131
0167	2.295131
0168	2.277130
0169	2.281131
0170	2.291131
0171	2.279130
0172	2.353135
0173	2.296131
0174	2.292131
0175	2.289131
0176	2.284131
0177	2.290131
0178	2.293131
0179	2.291131
0180	2.304132
0181	2.342134
0182	2.289131
0183	2.301132
0184	2.289131
0185	2.288131
0186	2.289131
0187	2.288131
0188	2.291131
0189	2.325133
0190	2.311132
0191	2.295131
0192	2.284131
0193	2.292131
0194	2.286131
0195	2.284131
0196	2.290131
0197	2.285131
0198	2.386136
0199	2.282131
0200	2.295131
0201	2.279130
0202	2.298131
0203	2.301132
0204	2.287131
0205	2.305132
0206	2.285131
0207	2.364136
0208	2.279130
0209	2.303132
0210	2.280131
0211	2.279130
0212	2.297131
0213	2.307132
0214	2.316132
0215	2.311132
0216	2.294131
0217	2.301131
0218	2.290131
0219	2.291131
0220	2.293131
0221	2.286131
0222	2.307132
0223	2.345134
0224	2.285131
0225	2.293131
0226	2.295131
0227	2.302132
0228	2.300132
0229	2.283131
0230	2.281131
0231	2.297131
0232	2.355135
0233	2.290131
0234	2.289131
0235	2.289131
0236	2.308132
0237	2.293131
0238	2.282130
0239	2.285131
0240	2.324133
0241	2.336133
0242	2.333134
0243	2.290131
0244	2.295131
0245	2.302131
0246	2.291131
0247	2.292131
0248	2.292131
0249	2.403137
0250	2.322133
0251	2.281131
0252	2.284130
0253	2.293131
0254	2.327133
0255	2.292131
0256	2.297131
0257	2.288131
0258	2.367136
0259	2.291131
0260	2.285131
0261	2.287131
0262	2.286131
0263	2.297131
0264	2.282131
0265	2.289131
0266	2.294131
0267	2.354135
0268	2.295131
0269	2.292131
0270	2.291131
0271	2.299132
0272	2.293131
0273	2.281131
0274	2.291131
0275	2.347134
0276	2.303132
0277	2.288131
0278	2.293131
0279	2.287131
0280	2.305132
0281	2.290131
0282	2.292131
0283	2.289131
0284	2.375136
0285	2.288131
0286	2.295131
0287	2.285131
0288	2.347134
0289	2.370136
0290	2.295131
0291	2.293131
0292	2.304132
0293	2.373136
0294	2.320132
0295	2.324133
0296	2.286131
0297	2.302132
0298	2.293131
0299	2.279130
0300	2.286131
0301	2.359135
0302	2.332134
0303	2.295131
0304	2.302132
0305	2.286131
0306	2.309132
0307	2.290131
0308	2.280130
0309	2.279131
0310	2.372135
0311	2.291131
0312	2.290131
0313	2.310132
0314	2.299132
0315	2.290131
0316	2.284131
0317	2.301132
0318	2.358135
0319	2.283131
0320	2.281130
0321	2.285131
0322	2.300132
0323	2.287131
0324	2.290131
0325	2.281131
0326	2.338134
0327	2.326133
0328	2.286131
0329	2.304132
0330	2.280131
0331	2.299131
0332	2.280131
0333	2.280130
0334	2.292131
0335	2.370135
0336	2.290131
0337	2.293131
0338	2.379136
0339	2.307132
0340	2.309132
0341	2.287131
0342	2.289131
0343	2.292131
0344	2.373136
0345	2.288131
0346	2.289131
0347	2.284131
0348	2.298131
0349	2.290131
0350	2.290131
0351	2.288131
0352	2.348134
0353	2.340134
0354	2.300132
0355	2.292131
0356	2.285131
0357	2.301132
0358	2.291131
0359	2.290131
0360	2.287131
0361	2.413138
0362	2.280130
0363	2.285131
0364	2.291131
0365	2.280130
0366	2.314132
0367	2.292131
0368	2.281130
0369	2.281131
0370	2.376136
0371	2.329133
0372	2.285131
0373	2.302132
0374	2.292131
0375	2.298131
0376	2.286131
0377	2.288131
0378	2.358135
0379	2.300132
0380	2.285131
0381	2.296131
0382	2.298131
0383	2.285131
0384	2.283131
0385	2.309132
0386	2.289131
0387	2.356135
0388	2.286131
0389	2.289131
0390	2.287131
0391	2.288131
0392	2.287131
0393	2.292131
0394	2.314132
0395	2.288131
0396	2.357135
0397	2.281130
0398	2.297132
0399	2.293131
0400	2.292131
0401	2.298131
0402	2.296132
0403	2.307132
0404	2.332134
0405	2.338134
0406	2.286131
0407	2.300132
0408	2.306132
0409	2.288131
0410	2.289131
0411	2.290131
0412	2.296131
0413	2.354135
0414	2.293131
0415	2.278130
0416	2.284131
0417	2.350134
0418	2.294131
0419	2.289131
0420	2.305132
0421	2.355135
0422	2.292131
0423	2.286131
0424	2.282130
0425	2.311132
0426	2.284131
0427	2.282130
0428	2.296131
0429	2.329133
0430	2.336134
0431	2.275130
0432	2.297131
0433	2.281131
0434	2.304132
0435	2.295131
0436	2.284131
0437	2.312132
0438	2.358135
0439	2.300132
0440	2.283130
0441	2.289131
0442	2.287131
0443	2.312132
0444	2.282130
0445	2.280130
0446	2.289131
0447	2.375136
0448	2.290131
0449	2.294131
0450	2.294131
0451	2.292131
0452	2.310132
0453	2.282131
0454	2.282130
0455	2.310132
0456	2.357135
0457	2.312132
0458	2.290131
0459	2.296131
0460	2.311132
0461	2.285131
0462	2.297132
0463	2.290131
0464	2.355135
0465	2.304132
0466	2.288131
0467	2.291131
0468	2.301131
0469	2.305132
0470	2.280130
0471	2.288131
0472	2.289131
0473	2.368135
0474	2.292131
0475	2.290131
0476	2.285131
0477	2.281131
0478	2.311132
0479	2.289131
0480	2.291131
0481	2.290131
0482	2.348134
0483	2.289131
0484	2.290131
0485	2.283131
0486	2.306132
0487	2.296131
0488	2.290131
0489	2.291131
0490	2.348134
0491	2.317133
0492	2.290131
0493	2.293131
0494	2.289131
0495	2.314132
0496	2.292131
0497	2.290131
0498	2.293131
0499	2.368135
0500	2.290131
0501	2.340134
0502	2.303132
0503	2.284131
0504	2.309132
0505	2.290131
0506	2.284131
0507	2.280130
0508	2.360135
0509	2.320132
0510	2.286131
0511	2.296132
0512	2.309132
0513	2.290131
0514	2.278130
0515	2.287131
0516	2.346134
0517	2.308132
0518	2.283131
0519	2.295131
0520	2.294131
0521	2.303132
0522	2.295131
0523	2.299132
0524	2.363135
0525	2.292131
0526	2.292131
0527	2.298131
0528	2.297131
0529	2.305132
0530	2.286131
0531	2.283131
0532	2.294131
0533	2.369135
0534	2.286131
0535	2.292131
0536	2.297131
0537	2.287131
0538	2.294131
0539	2.293131
0540	2.286131
0541	2.355135
0542	2.310132
0543	2.282130
0544	2.288131
0545	2.297132
0546	2.402137
0547	2.315133
0548	2.291131
0549	2.292131
0550	2.363135
0551	2.299132
0552	2.288131
0553	2.288131
0554	2.287131
0555	2.299131
0556	2.288131
0557	2.280131
0558	2.294131
0559	2.446140
0560	2.343134
0561	2.299132
0562	2.290131
0563	2.289131
0564	2.307132
0565	2.290131
0566	2.297131
0567	2.334133
0568	2.314132
0569	2.341134
0570	2.341134
0571	2.295131
0572	2.291131
0573	2.299131
0574	2.302132
0575	2.296131
0576	2.364135
0577	2.290131
0578	2.296131
0579	2.290131
0580	2.293131
0581	2.292131
0582	2.296131
0583	2.335134
0584	2.351135
0585	2.330133
0586	2.292131
0587	2.296131
0588	2.298131
0589	2.299132
0590	2.299131
0591	2.296131
0592	2.285131
0593	2.359135
0594	2.291131
0595	2.284131
0596	2.282131
0597	2.290131
0598	2.394137
0599	2.351135
0600	2.285131
0601	2.297132
0602	2.359135
0603	2.289131
0604	2.293131
0605	2.285131
0606	2.284131
0607	2.280130
0608	2.290131
0609	2.291131
0610	2.284131
0611	2.333133
0612	2.300132
0613	2.297132
0614	2.297131
0615	2.287131
0616	2.291131
0617	2.285131
0618	2.285131
0619	2.339134
0620	2.305132
0621	2.294131
0622	2.284131
0623	2.293131
0624	2.291131
0625	2.302132
0626	2.292131
0627	2.354135
0628	2.289131
0629	2.363135
0630	2.379136
0631	2.351135
0632	2.306132
0633	2.306132
0634	2.289131
0635	2.289131
0636	2.342134
0637	2.284131
0638	2.299132
0639	2.288131
0640	2.289131
0641	2.287131
0642	2.314132
0643	2.291131
0644	2.331133
0645	2.314132
0646	2.290131
0647	2.299131
0648	2.293131
0649	2.283131
0650	2.289131
0651	2.301132
0652	2.294131
0653	2.350134
0654	2.288131
0655	2.301132
0656	2.308132
0657	2.291131
0658	2.285131
0659	2.288131
0660	2.298131
0661	2.299132
0662	2.349134
0663	2.296131
0664	2.317133
0665	2.297131
0666	2.289131
0667	2.288131
0668	2.287131
0669	2.280130
0670	2.348135
0671	2.296131
0672	2.295131
0673	2.284131
0674	2.298131
0675	2.372136
0676	2.328133
0677	2.281131
0678	2.294131
0679	2.359135
0680	2.305132
0681	2.292131
0682	2.284131
0683	2.304132
0684	2.293131
0685	2.299131
0686	2.285131
0687	2.291131
0688	2.392137
0689	2.288131
0690	2.287131
0691	2.296131
0692	2.303132
0693	2.296132
0694	2.286131
0695	2.286131
0696	2.317132
0697	2.337134
0698	2.290131
0699	2.288131
0700	2.288131
0701	2.304132
0702	2.282130
0703	2.294132
0704	2.282130
0705	2.345134
0706	2.302132
0707	2.286131
0708	2.290131
0709	2.279130
0710	2.304132
0711	2.297131
0712	2.285131
0713	2.285131
0714	2.369136
0715	2.283131
0716	2.321133
0717	2.285131
0718	2.288131
0719	2.303132
0720	2.282130
0721	2.282130
0722	2.303132
0723	2.351135
0724	2.290131
0725	2.286131
0726	2.282130
0727	2.307132
0728	2.323133
0729	2.298131
0730	2.357135
0731	2.297131
0732	2.286131
0733	2.284130
0734	2.290131
0735	2.299131
0736	2.284131
0737	2.296131
0738	2.284131
0739	2.368135
0740	2.285131
0741	2.286131
0742	2.280130
0743	2.290131
0744	2.312132
0745	2.289131
0746	2.296131
0747	2.305132
0748	2.344134
0749	2.288131
0750	2.287131
0751	2.280130
0752	2.298131
0753	2.286131
0754	2.291131
0755	2.300132
0756	2.354135
0757	2.300132
0758	2.329134
0759	2.289131
0760	2.284131
0761	2.298131
0762	2.293131
0763	2.295131
0764	2.286131
0765	2.358135
0766	2.297131
0767	2.310132
0768	2.307132
0769	2.291131
0770	2.303132
0771	2.297132
0772	2.284131
0773	2.292131
0774	2.358135
0775	2.282130
0776	2.287131
0777	2.284131
0778	2.302132
0779	2.282130
0780	2.287131
0781	2.289131
0782	2.349134
0783	2.303132
0784	2.285131
0785	2.291131
0786	2.291131
0787	2.308132
0788	2.286131
0789	2.284131
0790	2.282131
0791	2.364135
0792	2.285131
0793	2.294131
0794	2.282130
0795	2.286131
0796	2.294131
0797	2.285131
0798	2.291131
0799	2.287131
0800	2.349134
0801	2.289131
0802	2.286131
0803	2.291131
0804	2.335134
0805	2.376136
0806	2.301131
0807	2.284131
0808	2.319133
0809	2.312132
0810	2.287131
0811	2.286131
0812	2.292131
0813	2.292131
0814	2.286131
0815	2.291131
0816	2.296131
0817	2.350134
0818	2.290131
0819	2.286131
0820	2.320132
0821	2.288131
0822	2.281131
0823	2.285131
0824	2.294131
0825	2.280130
0826	2.349134
0827	2.279131
0828	2.288131
0829	2.279130
0830	2.282130
0831	2.292131
0832	2.282131
0833	2.322133
0834	2.319133
0835	2.282130
0836	2.292131
0837	2.302132
0838	2.287131
0839	2.296131
0840	2.275130
0841	2.301131
0842	2.354135
0843	2.289131
0844	2.293131
0845	2.287131
0846	2.309132
0847	2.291131
0848	2.292131
0849	2.289131
0850	2.293131
0851	2.360135
0852	2.300132
0853	2.287131
0854	2.283131
0855	2.287131
0856	2.287131
0857	2.399137
0858	2.312132
0859	2.306132
0860	2.373136
0861	2.290131
0862	2.283130
0863	2.287131
0864	2.310132
0865	2.291131
0866	2.297131
0867	2.325133
0868	2.359135
0869	2.295131
0870	2.280130
0871	2.321133
0872	2.291131
0873	2.300132
0874	2.298131
0875	2.286131
0876	2.285131
0877	2.362135
0878	2.286131
0879	2.294131
0880	2.294131
0881	2.288131
0882	2.298131
0883	2.278130
0884	2.284131
0885	2.294131
0886	2.351135
0887	2.292131
0888	2.331134
0889	2.296131
0890	2.302132
0891	2.295131
0892	2.291131
0893	2.289131
0894	2.354135
0895	2.311132
0896	2.281131
0897	2.283131
0898	2.293131
0899	2.308132
0900	2.279130
0901	2.282131
0902	2.286131
0903	2.364135
0904	2.284131
0905	2.291131
0906	2.288131
0907	2.287131
0908	2.435139
0909	2.460141
0910	2.343134
0911	2.305132
0912	2.350134
0913	2.283131
0914	2.289131
0915	2.281131
0916	2.297131
0917	2.289131
0918	2.288131
0919	2.286131
0920	2.354135
0921	2.302132
0922	2.283131
0923	2.297131
0924	2.311132
0925	2.299131
0926	2.288131
0927	2.287131
0928	2.288131
0929	2.371135
0930	2.285131
0931	2.286131
0932	2.307132
0933	2.299131
0934	2.430139
0935	2.295131
0936	2.286131
0937	2.316133
0938	2.282130
0939	2.281131
0940	2.286131
0941	2.292131
0942	2.274130
0943	2.295131
0944	2.280131
0945	2.339134
0946	2.309132
0947	2.294131
0948	2.289131
0949	2.291131
0950	2.302131
0951	2.285131
0952	2.293131
0953	2.282130
0954	2.373136
0955	2.293131
0956	2.277130
0957	2.277130
0958	2.298131
0959	2.293131
0960	2.291131
0961	2.286131
0962	2.293131
0963	2.371136
0964	2.299131
0965	2.288131
0966	2.286131
0967	2.312132
0968	2.289131
0969	2.284131
0970	2.291131
0971	2.326133
0972	2.329133
0973	2.285131
0974	2.277130
0975	2.331134
0976	2.307132
0977	2.292131
0978	2.294131
0979	2.291131
0980	2.368135
0981	2.298131
0982	2.292131
0983	2.290131
0984	2.290131
0985	2.303132
0986	2.279130
0987	2.290131
0988	2.290131
0989	2.371136
0990	2.280130
0991	2.282130
0992	2.281131
0993	2.287131
0994	2.307132
0995	2.286131
0996	2.298132
0997	2.307132
0998	2.337134
0999	2.286131
1000	2.297131
1001	2.289131
1002	2.309132
1003	2.289131
1004	2.283130
1005	2.287131
1006	2.342134
1007	2.300132
1008	2.286131
1009	2.288131
1010	2.283130
1011	2.284131
1012	2.289131
1013	2.279130
1014	2.293131
1015	2.367135
1016	2.289131
1017	2.344134
1018	2.287131
1019	2.285131
1020	2.294131
1021	2.286131
1022	2.289131
1023	2.306132
1024	2.324133
1025	2.282130
1026	2.284131
1027	2.321133
1028	2.288131
1029	2.281130
1030	2.295131
1031	2.287131
1032	2.354135
1033	2.285131
1034	2.290131
1035	2.293131
1036	2.277130
1037	2.292131
1038	2.286131
1039	2.289131
1040	2.295131
1041	2.293131
1042	2.290131
1043	2.284131
1044	2.286131
1045	2.306132
1046	2.288131
1047	2.289131
1048	2.283131
1049	2.363135
1050	2.287131
1051	2.284131
1052	2.298131
1053	2.297131
1054	2.313132
1055	2.292131
1056	2.289131
1057	2.323133
1058	2.322133
1059	2.293131
1060	2.287131
1061	2.283130
1062	2.333133
1063	2.381136
1064	2.288131
1065	2.283130
1066	2.349134
1067	2.291131
1068	2.297131
1069	2.279131
1070	2.291131
1071	2.291131
1072	2.306132
1073	2.291131
1074	2.295131
1075	2.352134
1076	2.294131
1077	2.306132
1078	2.282130
1079	2.314132
1080	2.284131
1081	2.313132
1082	2.294131
1083	2.343134
1084	2.297131
1085	2.286131
1086	2.303132
1087	2.291131
1088	2.298131
1089	2.285131
1090	2.310132
1091	2.297132
1092	2.352134
1093	2.295131
1094	2.295131
1095	2.302132
1096	2.284131
1097	2.283131
1098	2.284131
1099	2.282131
1100	2.298131
1101	2.356135
1102	2.290131
1103	2.293131
1104	2.307132
1105	2.300132
1106	2.320133
1107	2.288131
1108	2.285131
1109	2.354135
1110	2.296131
1111	2.294131
1112	2.289131
1113	2.302132
1114	2.278130
1115	2.288131
1116	2.305132
1117	2.390137
1118	2.371135
1119	2.281131
1120	2.289131
1121	2.288131
1122	2.305132
1123	2.281130
1124	2.289131
1125	2.284131
1126	2.284131
1127	2.379136
1128	2.287131
1129	2.285131
1130	2.281130
1131	2.325133
1132	2.297132
1133	2.289131
1134	2.295131
1135	2.312132
1136	2.344134
1137	2.287131
1138	2.288131
1139	2.297132
1140	2.312132
1141	2.286131
1142	2.290131
1143	2.282130
1144	2.346134
1145	2.335134
1146	2.301131
1147	2.290131
1148	2.304132
1149	2.294131
1150	2.293131
1151	2.284131
1152	2.380136
1153	2.277130
1154	2.287131
1155	2.295131
1156	2.288131
1157	2.295131
1158	2.288131
1159	2.287131
1160	2.326133
1161	2.321133
1162	2.287131
1163	2.284131
1164	2.290131
1165	2.296131
1166	2.293131
1167	2.292131
1168	2.280130
1169	2.347134
1170	2.295131
1171	2.298131
1172	2.287131
1173	2.294131
1174	2.306132
1175	2.285131
1176	2.280130
1177	2.280131
1178	2.363135
1179	2.285131
1180	2.287131
1181	2.280130
1182	2.323133
1183	2.306132
1184	2.285131
1185	2.279130
1186	2.304132
1187	2.346134
1188	2.291131
1189	2.290131
1190	2.294131
1191	2.338134
1192	2.393137
1193	2.302132
1194	2.282130
1195	2.341134
1196	2.309132
1197	2.292131
1198	2.283131
1199	2.288131
1200	2.296131
1201	2.291131
1202	2.286131
1203	2.288131
1204	2.370136
1205	2.288131
1206	2.293131
1207	2.293131
1208	2.296131
1209	2.303132
1210	2.285131
1211	2.286131
1212	2.297131
1213	2.351134
1214	2.287131
1215	2.287131
1216	2.292131
1217	2.307132
1218	2.288131
1219	2.286131
1220	2.287131
1221	2.338134
1222	2.297132
1223	2.285131
1224	2.285131
1225	2.284131
1226	2.276130
1227	2.282130
1228	2.281131
1229	2.287131
1230	2.358135
1231	2.278130
1232	2.284131
1233	2.288131
1234	2.284131
1235	2.319133
1236	2.287131
1237	2.294131
1238	2.282131
1239	2.344134
1240	2.346134
1241	2.287131
1242	2.289131
1243	2.281131
1244	2.308132
1245	2.292131
1246	2.285131
1247	2.335134
1248	2.314132
1249	2.303132
1250	2.279130
1251	2.290131
1252	2.304132
1253	2.283131
1254	2.293131
1255	2.343134
1256	2.300132
1257	2.285131
1258	2.292131
1259	2.292131
1260	2.291131
1261	2.293131
1262	2.277130
1263	2.284131
1264	2.345134
1265	2.289131
1266	2.300132
1267	2.289131
1268	2.284131
1269	2.297131
1270	2.303132
1271	2.285131
1272	2.347134
1273	2.294131
1274	2.287131
1275	2.350134
1276	2.284131
1277	2.291131
1278	2.285131
1279	2.306132
1280	2.288131
1281	2.341134
1282	2.278131
1283	2.281130
1284	2.305132
1285	2.290131
1286	2.321132
1287	2.289131
1288	2.308132
1289	2.279130
1290	2.347134
1291	2.282131
1292	2.292131
1293	2.305132
1294	2.294131
1295	2.286131
1296	2.277130
1297	2.289131
1298	2.339134
1299	2.312132
1300	2.295131
1301	2.285131
1302	2.300131
1303	2.284131
1304	2.286131
1305	2.284131
1306	2.287131
1307	2.361135
1308	2.301132
1309	2.281130
1310	2.291131
1311	2.300132
1312	2.290131
1313	2.280130
1314	2.287131
1315	2.288131
1316	2.383136
1317	2.280131
1318	2.283130
1319	2.286131
1320	2.294131
1321	2.388136
1322	2.327133
1323	2.286131
1324	2.294131
1325	2.349134
1326	2.284131
1327	2.287131
1328	2.287131
1329	2.301132
1330	2.293131
1331	2.294131
1332	2.295131
1333	2.345134
1334	2.310132
1335	2.292131
1336	2.282130
1337	2.294131
1338	2.331134
1339	2.291131
1340	2.282130
1341	2.283131
1342	2.369135
1343	2.284131
1344	2.283130
1345	2.289131
1346	2.286131
1347	2.301131
1348	2.284131
1349	2.288131
1350	2.295131
1351	2.365135
1352	2.282131
1353	2.302132
1354	2.295131
1355	2.301131
1356	2.288131
1357	2.291131
1358	2.350134
1359	2.303132
1360	2.288131
1361	2.276130
1362	2.292131
1363	2.307132
1364	2.287131
1365	2.284131
1366	2.283131
1367	2.374136
1368	2.290131
1369	2.288131
1370	2.287131
1371	2.291131
1372	2.302132
1373	2.289131
1374	2.282130
1375	2.425139
1376	2.368135
1377	2.288131
1378	2.292131
1379	2.290131
1380	2.301131
1381	2.290131
1382	2.291131
1383	2.293131
1384	2.345134
1385	2.316133
1386	2.295131
1387	2.296131
1388	2.298131
1389	2.308132
1390	2.313132
1391	2.281131
1392	2.294131
1393	2.370136
1394	2.288131
1395	2.290131
1396	2.292131
1397	2.287131
1398	2.295131
1399	2.286131
1400	2.283131
1401	2.304132
1402	2.370136
1403	2.283131
1404	2.340134
1405	2.281131
1406	2.290131
1407	2.299132
1408	2.296131
1409	2.285131
1410	2.336133
1411	2.306132
1412	2.301131
1413	2.288131
1414	2.285131
1415	2.306132
1416	2.284131
1417	2.295131
1418	2.283130
1419	2.355135
1420	2.295131
1421	2.290131
1422	2.298131
1423	2.285131
1424	2.284131
1425	2.279130
1426	2.298131
1427	2.285131
1428	2.354135
1429	2.285131
1430	2.325133
1431	2.290131
1432	2.288131
1433	2.296131
1434	2.283130
1435	2.290131
1436	2.306132
1437	2.327133
1438	2.285131
1439	2.284131
1440	2.289131
1441	2.285131
1442	2.319133
1443	2.280131
1444	2.282130
1445	2.335133
1446	2.284131
1447	2.285131
1448	2.285131
1449	2.274130
1450	2.333133
1451	2.381136
1452	2.291131
1453	2.287131
1454	2.351134
1455	2.295131
1456	2.285131
1457	2.315133
1458	2.289131
1459	2.287131
1460	2.281131
1461	2.323133
1462	2.330133
1463	2.295131
1464	2.291131
1465	2.296131
1466	2.298131
1467	2.288131
1468	2.297132
1469	2.283131
1470	2.376136
1471	2.289131
1472	2.295131
1473	2.281131
1474	2.292131
1475	2.303132
1476	2.280130
1477	2.294131
1478	2.289131
1479	2.382136
1480	2.290131
1481	2.285131
1482	2.285131
1483	2.283131
1484	2.296131
1485	2.286131
1486	2.288131
1487	2.286131
1488	2.363135
1489	2.280130
1490	2.284131
1491	2.277130
1492	2.309132
1493	2.320133
1494	2.292131
1495	2.291131
1496	2.321133
1497	2.317132
1498	2.292131
1499	2.290131
1500	2.289131
1501	2.301132
1502	2.285131
1503	2.288131
1504	2.287131
1505	2.365135
1506	2.301132
1507	2.286131
1508	2.287131
1509	2.288131
1510	2.301132
1511	2.285131
1512	2.282131
1513	2.283130
1514	2.369136
1515	2.295131
1516	2.288131
1517	2.285131
1518	2.288131
1519	2.301131
1520	2.293131
1521	2.287131
1522	2.340134
1523	2.308132
1524	2.281131
1525	2.291131
1526	2.281131
1527	2.303132
1528	2.298131
1529	2.294131
1530	2.291131
1531	2.352134
1532	2.298131
1533	2.333133
1534	2.279131
1535	2.296131
1536	2.308132
1537	2.281131
1538	2.289131
1539	2.283130
1540	2.368135
1541	2.288131
1542	2.292131
1543	2.284131
1544	2.287131
1545	2.292131
1546	2.321133
1547	2.287131
1548	2.316133
1549	2.357135
1550	2.288131
1551	2.279130
1552	2.290131
1553	2.297131
1554	2.289131
1555	2.283131
1556	2.286131
1557	2.347134
1558	2.312132
1559	2.287131
1560	2.288131
1561	2.319133
1562	2.276130
1563	2.278130
1564	2.287131
1565	2.372136
1566	2.288131
1567	2.295131
1568	2.284131
1569	2.302131
1570	2.306132
1571	2.282131
1572	2.284131
1573	2.291131
1574	2.355135
1575	2.280130
1576	2.287131
1577	2.280131
1578	2.307132
1579	2.395137
1580	2.299131
1581	2.286131
1582	2.351135
1583	2.298131
1584	2.293131
1585	2.280130
1586	2.288131
1587	2.300131
1588	2.285131
1589	2.295131
1590	2.279130
1591	2.375136
1592	2.283131
1593	2.290131
1594	2.283131
1595	2.294131
1596	2.297132
1597	2.321132
1598	2.291131
1599	2.293131
1600	2.366135
1601	2.279130
1602	2.281130
1603	2.293131
1604	2.304132
1605	2.285131
1606	2.297131
1607	2.286131
1608	2.333133
1609	2.328133
1610	2.281130
1611	2.291131
1612	2.286131
1613	2.306132
1614	2.291131
1615	2.282130
1616	2.287131
1617	2.358135
1618	2.289131
1619	2.287131
1620	2.283130
1621	2.305132
1622	2.297131
1623	2.273130
1624	2.284131
1625	2.291131
1626	2.377136
1627	2.278131
1628	2.284131
1629	2.286131
1630	2.281131
1631	2.302132
1632	2.286131
1633	2.287131
1634	2.337134
1635	2.442140
1636	2.295131
1637	2.329133
1638	2.288131
1639	2.277130
1640	2.280130
1641	2.293131
1642	2.292131
1643	2.351135
1644	2.286131
1645	2.289131
1646	2.278131
1647	2.295131
1648	2.288131
1649	2.274130
1650	2.304132
1651	2.299131
1652	2.349134
1653	2.279130
1654	2.285131
1655	2.291131
1656	2.288131
1657	2.280130
1658	2.287131
1659	2.278131
1660	2.308132
1661	2.321133
1662	2.298131
1663	2.337134
1664	2.286131
1665	2.301132
1666	2.291131
1667	2.293131
1668	2.357135
1669	2.299131
1670	2.286131
1671	2.284131
1672	2.291131
1673	2.295131
1674	2.288131
1675	2.287131
1676	2.293131
1677	2.365135
1678	2.303132
1679	2.290131
1680	2.286131
1681	2.281130
1682	2.291131
1683	2.296132
1684	2.296131
1685	2.317132
1686	2.321133
1687	2.303132
1688	2.286131
1689	2.282131
1690	2.285131
1691	2.280130
1692	2.298131
1693	2.283131
1694	2.347134
1695	2.294131
1696	2.302132
1697	2.285131
1698	2.294131
1699	2.294131
1700	2.290131
1701	2.344134
1702	2.288131
1703	2.353135
1704	2.284131
1705	2.303132
1706	2.294131
1707	2.287131
1708	2.380136
1709	2.323133
1710	2.305132
1711	2.335134
1712	2.301131
1713	2.287131
1714	2.307132
1715	2.289131
1716	2.279130
1717	2.285131
1718	2.284130
1719	2.295131
1720	2.350134
1721	2.285131
1722	2.284131
1723	2.282131
1724	2.293131
1725	2.289131
1726	2.284131
1727	2.289131
1728	2.301131
1729	2.362135
1730	2.298132
1731	2.285131
1732	2.288131
1733	2.316132
1734	2.288131
1735	2.280131
1736	2.288131
1737	2.302132
1738	2.341134
1739	2.284131
1740	2.287131
1741	2.278130
1742	2.306132
1743	2.291131
1744	2.287131
1745	2.283131
1746	2.358135
1747	2.307132
1748	2.292131
1749	2.282131
1750	2.288131
1751	2.299131
1752	2.288131
1753	2.322133
1754	2.284131
1755	2.373136
1756	2.286131
1757	2.291131
1758	2.292131
1759	2.287131
1760	2.299132
1761	2.288131
1762	2.281131
1763	2.286131
1764	2.366136
1765	2.283131
1766	2.277130
1767	2.292131
1768	2.292131
1769	2.302132
1770	2.290131
1771	2.331133
1772	2.320133
1773	2.296131
1774	2.283131
1775	2.287131
1776	2.304132
1777	2.290131
1778	2.283131
1779	2.283131
1780	2.386136
1781	2.290131
1782	2.286131
1783	2.288131
1784	2.285131
1785	2.300131
1786	2.286131
1787	2.294131
1788	2.287131
1789	2.374136
1790	2.293131
1791	2.333133
1792	2.288131
1793	2.288131
1794	2.289131
1795	2.292131
1796	2.287131
1797	2.348134
1798	2.320133
1799	2.291131
1800	2.285131
1801	2.290131
1802	2.296131
1803	2.280130
1804	2.291131
1805	2.314132
1806	2.359135
1807	2.303132
1808	2.292131
1809	2.279130
1810	2.291131
1811	2.295131
1812	2.288131
1813	2.290131
1814	2.289131
1815	2.378136
1816	2.292131
1817	2.293131
1818	2.294131
1819	2.291131
1820	2.297131
1821	2.288131
1822	2.284131
1823	2.309132
1824	2.342134
1825	2.292131
1826	2.290131
1827	2.281131
1828	2.304132
1829	2.291131
1830	2.285131
1831	2.290131
1832	2.346134
1833	2.296131
1834	2.281130
1835	2.298131
1836	2.284131
1837	2.363135
1838	2.379136
1839	2.283130
1840	2.281131
1841	2.375136
1842	2.286131
1843	2.291131
1844	2.285131
1845	2.288131
1846	2.282131
1847	2.279130
1848	2.290131
1849	2.304132
1850	2.364135
1851	2.297132
1852	2.295131
1853	2.278130
1854	2.286131
1855	2.287131
1856	2.286131
1857	2.320132
1858	2.349134
1859	2.284131
1860	2.298131
1861	2.300132
1862	2.288131
1863	2.282130
1864	2.283131
1865	2.286131
1866	2.285131
1867	2.355135
1868	2.282131
1869	2.290131
1870	2.286131
1871	2.290131
1872	2.292131
1873	2.340134
1874	2.341134
1875	2.385137
1876	2.327133
1877	2.310132
1878	2.294131
1879	2.292131
1880	2.281131
1881	2.296131
1882	2.292131
1883	2.325133
1884	2.307132
1885	2.280130
1886	2.301132
1887	2.284131
1888	2.290131
1889	2.298131
1890	2.296131
1891	2.297131
1892	2.355135
1893	2.289131
1894	2.391137
1895	2.359135
1896	2.277130
1897	2.298131
1898	2.290131
1899	2.301131
1900	2.315132
1901	2.330133
1902	2.279130
1903	2.288131
1904	2.295131
1905	2.291131
1906	2.283130
1907	2.287131
1908	2.328133
1909	2.358135
1910	2.288131
1911	2.286131
1912	2.281131
1913	2.302132
1914	2.278131
1915	2.280130
1916	2.285131
1917	2.288131
1918	2.375136
1919	2.283131
1920	2.296131
1921	2.325133
1922	2.299131
1923	2.280131
1924	2.288131
1925	2.292131
1926	2.293131
1927	2.420139
1928	2.287131
1929	2.291131
1930	2.287131
1931	2.294131
1932	2.290131
1933	2.286131
1934	2.287131
1935	2.355135
1936	2.309132
1937	2.286131
1938	2.282130
1939	2.280130
1940	2.292131
1941	2.292131
1942	2.298132
1943	2.302132
1944	2.361135
1945	2.301131
1946	2.288131
1947	2.293131
1948	2.279130
1949	2.309132
1950	2.287131
1951	2.291131
1952	2.278130
1953	2.370136
1954	2.285131
1955	2.287131
1956	2.290131
1957	2.284131
1958	2.310132
1959	2.291131
1960	2.287131
1961	2.364136
1962	2.325133
1963	2.290131
1964	2.288131
1965	2.287131
1966	2.308132
1967	2.419139
1968	2.292131
1969	2.283131
1970	2.347134
1971	2.302132
1972	2.283130
1973	2.280131
1974	2.283130
1975	2.312132
1976	2.286131
1977	2.307132
1978	2.367135
1979	2.284131
1980	2.278131
1981	2.289131
1982	2.290131
1983	2.303132
1984	2.287131
1985	2.283131
1986	2.314132
1987	2.342134
1988	2.279130
1989	2.283131
1990	2.288131
1991	2.308132
1992	2.296131
1993	2.288131
1994	2.300132
1995	2.350134
1996	2.301132
1997	2.286131
1998	2.293131
1999	2.305132
2000	2.301131
2001	2.292131
2002	2.295131
2003	2.286131
2004	2.378136
2005	2.294131
2006	2.281130
2007	2.291131
2008	2.284131
2009	2.305132
2010	2.292131
2011	2.286131
2012	2.330133
2013	2.363135
2014	2.287131
2015	2.284131
2016	2.282131
2017	2.301131
2018	2.285131
2019	2.285131
2020	2.291131
2021	2.347134
2022	2.298131
2023	2.286131
2024	2.282130
2025	2.284131
2026	2.300132
2027	2.288131
2028	2.289131
2029	2.282131
2030	2.362135
2031	2.274130
2032	2.281131
2033	2.279130
2034	2.283131
2035	2.305132
2036	2.276130
2037	2.283131
2038	2.289131
2039	2.362135
2040	2.281131
2041	2.282130
2042	2.293131
2043	2.283131
2044	2.302132
2045	2.290131
2046	2.288131
2047	2.339134
2048	2.316132
2049	2.286131
2050	2.325133
2051	2.290131
2052	2.292131
2053	2.294131
2054	2.277130
2055	2.286131
2056	2.352135
2057	2.287131
2058	2.286131
2059	2.289131
2060	2.280131
2061	2.278130
2062	2.293131
2063	2.293131
2064	2.310132
2065	2.358135
2066	2.299131
2067	2.286131
2068	2.280131
2069	2.288131
2070	2.289131
2071	2.285131
2072	2.298131
2073	2.323133
2074	2.314132
2075	2.291131
2076	2.284131
2077	2.287131
2078	2.289131
2079	2.287131
2080	2.290131
2081	2.354135
2082	2.286131
2083	2.287131
2084	2.287131
2085	2.307132
2086	2.286131
2087	2.285131
2088	2.287131
2089	2.309132
2090	2.349135
2091	2.285131
2092	2.288131
2093	2.291131
2094	2.310132
2095	2.326133
2096	2.374136
2097	2.286131
2098	2.316133
2099	2.355135
2100	2.289131
2101	2.281131
2102	2.292131
2103	2.296131
2104	2.282131
2105	2.279130
2106	2.276130
2107	2.348134
2108	2.287131
2109	2.306132
2110	2.289131
2111	2.283131
2112	2.302132
2113	2.284131
2114	2.291131
2115	2.291131
2116	2.427139
2117	2.286131
2118	2.289131
2119	2.277130
2120	2.290131
2121	2.304132
2122	2.285131
2123	2.286131
2124	2.283130
2125	2.356135
2126	2.279130
2127	2.286131
2128	2.281131
2129	2.310132
2130	2.285131
2131	2.280130
2132	2.292131
2133	2.331133
2134	2.326133
2135	2.291131
2136	2.298131
2137	2.284131
2138	2.301132
2139	2.283131
2140	2.287131
2141	2.291131
2142	2.351134
2143	2.296131
2144	2.282131
2145	2.284131
2146	2.291131
2147	2.304132
2148	2.296131
2149	2.283130
2150	2.285131
2151	2.376136
2152	2.279130
2153	2.282130
2154	2.327133
2155	2.340134
2156	2.364135
2157	2.298131
2158	2.292131
2159	2.329134
2160	2.317132
2161	2.287131
2162	2.287131
2163	2.283131
2164	2.309132
2165	2.302132
2166	2.296131
2167	2.291131
2168	2.404138
2169	2.294131
2170	2.294131
2171	2.291131
2172	2.287131
2173	2.295131
2174	2.293131
2175	2.290131
2176	2.292131
2177	2.372136
2178	2.288131
2179	2.296131
2180	2.324133
2181	2.281131
2182	2.301131
2183	2.286131
2184	2.291131
2185	2.322133
2186	2.287131
2187	2.290131
2188	2.284131
2189	2.299131
2190	2.284131
2191	2.280131
2192	2.295131
2193	2.348134
2194	2.303132
2195	2.283131
2196	2.282131
2197	2.279130
2198	2.303132
2199	2.292131
2200	2.287131
2201	2.284131
2202	2.377136
2203	2.287131
2204	2.295131
2205	2.288131
2206	2.284131
2207	2.298131
2208	2.279130
2209	2.281131
2210	2.295131
2211	2.342134
2212	2.283131
2213	2.288131
2214	2.282130
2215	2.295131
2216	2.286131
2217	2.281131
2218	2.282130
2219	2.345134
2220	2.344134
2221	2.282131
2222	2.283130
2223	2.295131
2224	2.306132
2225	2.415138
2226	2.286131
2227	2.292131
2228	2.370136
2229	2.289131
2230	2.283130
2231	2.282130
2232	2.288131
2233	2.302132
2234	2.285131
2235	2.284131
2236	2.290131
2237	2.346134
2238	2.288131
2239	2.297132
2240	2.285131
2241	2.307132
2242	2.281131
2243	2.298131
2244	2.289131
2245	2.354135
2246	2.303132
2247	2.279130
2248	2.285131
2249	2.287131
2250	2.298131
2251	2.288131
2252	2.288131
2253	2.283131
2254	2.364135
2255	2.300132
2256	2.282130
2257	2.289131
2258	2.287131
2259	2.287131
2260	2.292131
2261	2.281130
2262	2.285131
2263	2.352135
2264	2.281131
2265	2.286131
2266	2.288131
2267	2.287131
2268	2.295131
2269	2.295131
2270	2.283131
2271	2.335134
2272	2.336134
2273	2.301131
2274	2.288131
2275	2.285131
2276	2.286131
2277	2.288131
2278	2.283131
2279	2.293131
2280	2.352134
2281	2.295131
2282	2.295131
2283	2.277130
2284	2.296131
2285	2.291131
2286	2.369136
2287	2.289131
2288	2.300132
2289	2.307132
2290	2.295131
2291	2.278131
2292	2.289131
2293	2.311132
2294	2.282130
2295	2.286131
2296	2.316133
2297	2.338134
2298	2.284131
2299	2.288131
2300	2.279130
2301	2.281130
2302	2.307132
2303	2.282130
2304	2.290131
2305	2.345134
2306	2.287131
2307	2.306132
2308	2.335134
2309	2.295131
2310	2.288131
2311	2.311132
2312	2.285131
2313	2.287131
2314	2.345134
2315	2.291131
2316	2.303132
2317	2.288131
2318	2.291131
2319	2.291131
2320	2.295131
2321	2.294131
2322	2.311132
2323	2.330133
2324	2.308132
2325	2.304132
2326	2.284131
2327	2.290131
2328	2.281131
2329	2.307132
2330	2.280130
2331	2.347134
2332	2.289131
2333	2.282130
2334	2.313132
2335	2.287131
2336	2.280130
2337	2.297132
2338	2.287131
2339	2.294131
2340	2.354135
2341	2.281131
2342	2.283131
2343	2.300132
2344	2.286131
2345	2.299132
2346	2.289131
2347	2.285131
2348	2.304132
2349	2.354135
2350	2.283131
2351	2.289131
2352	2.301131
2353	2.285131
2354	2.371135
2355	2.325133
2356	2.289131
2357	2.364135
2358	2.294131
2359	2.284131
2360	2.285131
2361	2.299132
2362	2.282130
2363	2.290131
2364	2.282130
2365	2.284131
2366	2.388136
2367	2.285131
2368	2.285131
2369	2.293131
2370	2.282131
2371	2.302131
2372	2.286131
2373	2.281131
2374	2.286131
2375	2.355135
2376	2.318133
2377	2.288131
2378	2.293131
2379	2.289131
2380	2.293131
2381	2.286131
2382	2.297131
2383	2.316133
2384	2.340134
2385	2.282131
2386	2.286131
2387	2.271130
2388	2.311132
2389	2.283131
2390	2.288131
2391	2.284131
2392	2.353135
2393	2.315132
2394	2.286131
2395	2.279130
2396	2.305132
2397	2.290131
2398	2.283131
2399	2.284131
2400	2.369135
2401	2.285131
2402	2.295131
2403	2.288131
2404	2.287131
2405	2.296131
2406	2.285131
2407	2.300132
2408	2.314132
2409	2.346134
2410	2.283130
2411	2.340134
2412	2.293131
2413	2.309132
2414	2.458141
2415	2.295131
2416	2.290131
2417	2.342134
2418	2.300132
2419	2.298131
2420	2.287131
2421	2.297132
2422	2.323133
2423	2.288131
2424	2.290131
2425	2.292131
2426	2.374136
2427	2.318133
2428	2.278130
2429	2.281131
2430	2.291131
2431	2.305132
2432	2.287131
2433	2.282130
2434	2.341134
2435	2.316133
2436	2.281131
2437	2.350134
2438	2.290131
2439	2.371135
2440	2.456141
2441	2.434139
2442	2.413138
2443	2.481142
2444	2.397137
2445	2.374136
2446	2.410138
2447	2.449140
2448	2.334134
2449	2.376136
2450	2.401137
2451	2.478142
2452	2.455141
2453	2.423139
2454	2.479141
2455	2.442140
2456	2.417138
2457	2.425139
2458	2.401137
2459	2.444140
2460	2.408138
2461	2.390137
2462	2.316133
2463	2.451140
2464	2.381136
2465	2.370136
2466	2.358135
2467	2.324133
2468	2.424139
2469	2.344134
2470	2.319133
2471	2.342134
2472	2.336133
2473	2.358135
2474	2.334134
2475	2.328133
2476	2.406138
2477	2.380136
2478	2.446140
2479	2.397137
2480	2.286131
2481	2.308132
2482	2.382136
2483	2.324133
2484	2.289131
2485	2.375136
2486	2.282130
2487	2.291131
2488	2.292131
2489	2.278130
2490	2.294131
2491	2.289131
2492	2.284131
2493	2.308132
2494	2.348134
2495	2.288131
2496	2.281131
2497	2.326133
2498	2.289131
2499	2.306132
2500	2.285131
2501	2.363135
2502	2.303132
2503	2.285131
2504	2.283131
2505	2.289131
2506	2.308132
2507	2.288131
2508	2.291131
2509	2.284131
2510	2.372136
2511	2.290131
2512	2.285131
2513	2.293131
2514	2.286131
2515	2.291131
2516	2.284131
2517	2.295131
2518	2.302132
2519	2.346134
2520	2.296131
2521	2.286131
2522	2.277130
2523	2.297131
2524	2.293131
2525	2.293131
2526	2.289131
2527	2.353135
2528	2.297132
2529	2.319133
2530	2.280130
2531	2.298131
2532	2.306132
2533	2.289131
2534	2.278130
2535	2.286131
2536	2.375136
2537	2.285131
2538	2.288131
2539	2.290131
2540	2.287131
2541	2.298131
2542	2.287131
2543	2.287131
2544	2.284131
2545	2.356135
2546	2.290131
2547	2.287131
2548	2.281131
2549	2.295131
2550	2.296131
2551	2.282131
2552	2.285131
2553	2.329133
2554	2.328133
2555	2.292131
2556	2.284131
2557	2.296132
2558	2.300131
2559	2.305132
2560	2.285131
2561	2.287131
2562	2.354135
2563	2.314132
2564	2.293131
2565	2.371135
2566	2.427139
2567	2.374136
2568	2.290131
2569	2.288131
2570	2.299132
2571	2.349134
2572	2.283131
2573	2.280130
2574	2.282130
2575	2.293131
2576	2.298131
2577	2.288131
2578	2.286131
2579	2.348134
2580	2.304132
2581	2.293131
2582	2.304132
2583	2.275130
2584	2.307132
2585	2.284131
2586	2.295131
2587	2.286131
2588	2.366135
2589	2.298131
2590	2.284131
2591	2.285131
2592	2.291131
2593	2.297132
2594	2.289131
2595	2.285131
2596	2.292131
2597	2.362135
2598	2.293131
2599	2.291131
2600	2.287131
2601	2.309132
2602	2.280130
2603	2.286131
2604	2.350135
2605	2.315132
2606	2.278130
2607	2.283131
2608	2.284131
2609	2.299131
2610	2.407138
2611	2.410138
2612	2.425139
2613	2.412138
2614	2.376136
2615	2.322133
2616	2.294131
2617	2.289131
2618	2.307132
2619	2.286131
2620	2.283130
2621	2.290131
2622	2.356135
2623	2.290131
2624	2.284131
2625	2.280131
2626	2.300131
2627	2.291131
2628	2.284131
2629	2.278131
2630	2.337134
2631	2.317132
2632	2.283131
2633	2.320132
2634	2.279130
2635	2.298131
2636	2.290131
2637	2.290131
2638	2.285131
2639	2.372136
2640	2.283131
2641	2.282130
2642	2.294131
2643	2.284131
2644	2.305132
2645	2.287131
2646	2.280131
2647	2.293131
2648	2.367136
2649	2.282130
2650	2.280131
2651	2.286131
2652	2.288131
2653	2.305132
2654	2.286131
2655	2.299131
2656	2.314132
2657	2.343134
2658	2.294131
2659	2.282130
2660	2.294131
2661	2.302132
2662	2.284131
2663	2.292131
2664	2.283130
2665	2.341134
2666	2.302132
2667	2.283131
2668	2.283130
2669	2.291131
2670	2.302132
2671	2.329133
2672	2.399137
2673	2.288131
2674	2.369136
2675	2.289131
2676	2.282130
2677	2.282130
2678	2.281131
2679	2.305132
2680	2.285131
2681	2.280130
2682	2.329133
2683	2.325133
2684	2.299132
2685	2.316133
2686	2.282130
2687	2.302132
2688	2.284131
2689	2.288131
2690	2.287131
2691	2.347134
2692	2.307132
2693	2.278131
2694	2.331133
2695	2.281131
2696	2.320133
2697	2.279130
2698	2.285131
2699	2.296131
2700	2.366135
2701	2.284131
2702	2.285131
2703	2.299132
2704	2.278130
2705	2.415138
2706	2.376136
2707	2.412138
2708	2.353135
2709	2.321132
2710	2.325133
2711	2.324133
2712	2.358135
2713	2.343134
2714	2.343134
2715	2.343134
2716	2.428139
2717	2.357135
2718	2.288131
2719	2.284131
2720	2.286131
2721	2.302132
2722	2.289131
2723	2.282130
2724	2.330133
2725	2.306132
2726	2.282130
2727	2.284131
2728	2.302131
2729	2.303132
2730	2.283131
2731	2.294131
2732	2.281131
2733	2.347134
2734	2.300132
2735	2.288131
2736	2.319133
2737	2.283131
2738	2.300131
2739	2.282131
2740	2.288131
2741	2.291131
2742	2.366135
2743	2.380136
2744	2.341134
2745	2.288131
2746	2.282131
2747	2.295131
2748	2.278130
2749	2.302131
2750	2.308132
2751	2.353135
2752	2.288131
2753	2.294131
2754	2.291131
2755	2.299132
2756	2.286131
2757	2.295131
2758	2.286131
2759	2.344134
2760	2.304132
2761	2.290131
2762	2.291131
2763	2.287131
2764	2.306132
2765	2.288131
2766	2.278130
2767	2.289131
2768	2.370136
2769	2.292131
2770	2.284131
2771	2.280130
2772	2.290131
2773	2.301132
2774	2.290131
2775	2.284131
2776	2.294131
2777	2.339134
2778	2.288131
2779	2.285131
2780	2.293131
2781	2.308132
2782	2.298131
2783	2.286131
2784	2.297131
2785	2.360135
2786	2.304132
2787	2.280130
2788	2.284131
2789	2.315132
2790	2.307132
2791	2.282130
2792	2.286131
2793	2.277130
2794	2.368135
2795	2.289131
2796	2.288131
2797	2.303132
2798	2.286131
2799	2.299132
2800	2.285131
2801	2.285131
2802	2.279130
2803	2.345134
2804	2.290131
2805	2.290131
2806	2.288131
2807	2.286131
2808	2.289131
2809	2.308132
2810	2.344134
2811	2.285131
2812	2.289131
2813	2.300132
2814	2.294131
2815	2.286131
2816	2.296131
2817	2.298131
2818	2.295131
2819	2.351135
2820	2.279130
2821	2.296131
2822	2.355135
2823	2.288131
2824	2.282130
2825	2.291131
2826	2.289131
2827	2.295131
2828	2.357135
2829	2.282130
2830	2.287131
2831	2.308132
2832	2.295131
2833	2.285131
2834	2.290131
2835	2.289131
2836	2.357135
2837	2.298132
2838	2.283130
2839	2.284131
2840	2.327133
2841	2.285131
2842	2.284131
2843	2.286131
2844	2.279130
2845	2.364135
2846	2.287131
2847	2.289131
2848	2.282130
2849	2.298131
2850	2.281131
2851	2.281131
2852	2.288131
2853	2.290131
2854	2.390137
2855	2.283130
2856	2.285131
2857	2.291131
2858	2.304132
2859	2.298131
2860	2.287131
2861	2.288131
2862	2.299131
2863	2.364135
2864	2.285131
2865	2.286131
2866	2.294131
2867	2.303132
2868	2.293131
2869	2.297132
2870	2.286131
2871	2.333134
2872	2.333133
2873	2.388137
2874	2.290131
2875	2.284131
2876	2.313132
2877	2.296131
2878	2.310132
2879	2.290131
2880	2.357135
2881	2.301132
2882	2.290131
2883	2.277130
2884	2.285131
2885	2.297132
2886	2.299131
2887	2.284131
2888	2.298131
2889	2.344134
2890	2.289131
2891	2.303132
2892	2.325133
2893	2.300132
2894	2.290131
2895	2.293131
2896	2.290131
2897	2.363135
2898	2.312132
2899	2.282131
2900	2.286131
2901	2.295131
2902	2.301132
2903	2.285131
2904	2.288131
2905	2.283131
2906	2.368135
2907	2.292131
2908	2.294131
2909	2.287131
2910	2.293131
2911	2.309132
2912	2.282130
2913	2.313132
2914	2.351134
2915	2.290131
2916	2.288131
2917	2.289131
2918	2.302132
2919	2.281130
2920	2.294131
2921	2.287131
2922	2.322133
2923	2.318133
2924	2.284131
2925	2.293131
2926	2.286131
2927	2.294131
2928	2.290131
2929	2.277130
2930	2.407138
2931	2.369135
2932	2.289131
2933	2.299131
2934	2.293131
2935	2.290131
2936	2.306132
2937	2.295131
2938	2.288131
2939	2.284131
2940	2.363135
2941	2.291131
2942	2.293131
2943	2.304132
2944	2.324133
2945	2.289131
2946	2.297131
2947	2.293131
2948	2.346134
2949	2.305132
2950	2.287131
2951	2.312132
2952	2.315132
2953	2.299132
2954	2.285131
2955	2.298131
2956	2.286131
2957	2.360135
2958	2.293131
2959	2.283130
2960	2.287131
2961	2.293131
2962	2.305132
2963	2.284131
2964	2.289131
2965	2.281131
2966	2.375136
2967	2.286131
2968	2.290131
2969	2.290131
2970	2.282130
2971	2.302132
2972	2.293131
2973	2.294131
2974	2.320133
2975	2.343134
2976	2.291131
2977	2.304132
2978	2.289131
2979	2.310132
2980	2.280131
2981	2.278130
2982	2.290131
2983	2.349134
2984	2.302132
2985	2.285131
2986	2.277130
2987	2.283131
2988	2.289131
2989	2.291131
2990	2.288131
2991	2.286131
2992	2.358135
2993	2.283131
2994	2.294131
2995	2.290131
2996	2.318133
2997	2.289131
2998	2.290131
2999	2.292131
3000	2.314132
3001	2.314132
3002	2.386137
3003	2.322133
3004	2.276130
3005	2.286131
3006	2.296131
3007	2.279130
3008	2.285131
3009	2.342134
3010	2.285131
3011	2.281131
3012	2.283131
3013	2.287131
3014	2.281131
3015	2.290131
3016	2.287131
3017	2.366135
3018	2.286131
3019	2.293131
3020	2.295131
3021	2.307132
3022	2.281130
3023	2.288131
3024	2.300132
3025	2.307132
3026	2.336133
3027	2.291131
3028	2.278130
3029	2.292131
3030	2.357135
3031	2.280130
3032	2.286131
3033	2.288131
3034	2.344134
3035	2.319133
3036	2.288131
3037	2.288131
3038	2.286131
3039	2.293131
3040	2.289131
3041	2.292131
3042	2.286131
3043	2.371136
3044	2.291131
3045	2.286131
3046	2.283130
3047	2.325133
3048	2.308132
3049	2.296131
3050	2.288131
3051	2.289131
3052	2.356135
3053	2.294131
3054	2.281131
3055	2.285131
3056	2.291131
3057	2.292131
3058	2.279130
3059	2.286131
3060	2.325133
3061	2.330133
3062	2.297132
3063	2.293131
3064	2.291131
3065	2.301132
3066	2.277130
3067	2.283131
3068	2.282131
3069	2.361135
3070	2.314132
3071	2.287131
3072	2.283131
3073	2.282130
3074	2.310132
3075	2.292131
3076	2.291131
3077	2.286131
3078	2.359135
3079	2.296131
3080	2.295131
3081	2.334134
3082	2.289131
3083	2.299131
3084	2.283131
3085	2.280131
3086	2.335133
3087	2.325133
3088	2.290131
3089	2.293131
3090	2.289131
3091	2.305132
3092	2.280130
3093	2.288131
3094	2.293131
3095	2.346134
3096	2.299131
3097	2.277130
3098	2.296131
3099	2.292131
3100	2.339134
3101	2.281131
3102	2.300132
3103	2.290131
3104	2.377136
3105	2.288131
3106	2.291131
3107	2.288131
3108	2.288131
3109	2.305132
3110	2.286131
3111	2.286131
3112	2.306132
3113	2.337134
3114	2.282130
3115	2.296131
3116	2.289131
3117	2.305132
3118	2.277130
3119	2.289131
3120	2.293131
3121	2.308132
3122	2.289131
3123	2.282130
3124	2.280130
3125	2.303132
3126	2.283131
3127	2.287131
3128	2.279130
3129	2.381136
3130	2.339134
3131	2.368135
3132	2.281130
3133	2.276130
3134	2.304132
3135	2.283131
3136	2.293131
3137	2.296131
3138	2.344134
3139	2.285131
3140	2.286131
3141	2.278131
3142	2.302132
3143	2.290131
3144	2.304132
3145	2.285131
3146	2.349134
3147	2.302132
3148	2.283130
3149	2.286131
3150	2.285131
3151	2.339134
3152	2.293131
3153	2.280131
3154	2.289131
3155	2.360135
3156	2.300132
3157	2.291131
3158	2.282130
3159	2.289131
3160	2.295131
3161	2.280130
3162	2.286131
3163	2.284130
3164	2.371136
3165	2.285131
3166	2.307132
3167	2.279130
3168	2.307132
3169	2.289131
3170	2.298131
3171	2.292131
3172	2.328133
3173	2.325133
3174	2.286131
3175	2.336134
3176	2.331133
3177	2.299131
3178	2.284131
3179	2.287131
3180	2.287131
3181	2.368135
3182	2.289131
3183	2.292131
3184	2.289131
3185	2.290131
3186	2.305132
3187	2.291131
3188	2.294131
3189	2.351134
3190	2.411138
3191	2.281131
3192	2.316133
3193	2.286131
3194	2.285131
3195	2.287131
3196	2.293131
3197	2.287131
3198	2.353135
3199	2.280130
3200	2.276130
3201	2.290131
3202	2.280130
3203	2.293131
3204	2.310132
3205	2.289131
3206	2.287131
3207	2.360135
3208	2.284131
3209	2.294131
3210	2.342134
3211	2.287131
3212	2.290131
3213	2.281131
3214	2.282130
3215	2.295131
3216	2.341134
3217	2.284131
3218	2.289131
3219	2.286131
3220	2.287131
3221	2.286131
3222	2.291131
3223	2.291131
3224	2.324133
3225	2.308132
3226	2.290131
3227	2.288131
3228	2.295131
3229	2.300132
3230	2.281131
3231	2.298131
3232	2.355135
3233	2.303132
3234	2.299131
3235	2.288131
3236	2.292131
3237	2.288131
3238	2.300132
3239	2.282131
3240	2.295131
3241	2.353134
3242	2.291131
3243	2.293131
3244	2.300132
3245	2.292131
3246	2.281131
3247	2.304132
3248	2.281131
3249	2.306132
3250	2.323133
3251	2.284131
3252	2.295131
3253	2.287131
3254	2.290131
3255	2.322133
3256	2.298131
3257	2.292131
3258	2.346134
3259	2.292131
3260	2.412138
3261	2.302132
3262	2.287131
3263	2.287131
3264	2.285131
3265	2.298131
3266	2.295131
3267	2.354135
3268	2.291131
3269	2.291131
3270	2.296131
3271	2.289131
3272	2.290131
3273	2.293131
3274	2.301131
3275	2.306132
3276	2.329133
3277	2.289131
3278	2.291131
3279	2.297131
3280	2.294131
3281	2.280131
3282	2.290131
3283	2.283130
3284	2.352135
3285	2.294131
3286	2.297131
3287	2.293131
3288	2.299132
3289	2.279130
3290	2.332133
3291	2.328133
3292	2.290131
3293	2.369136
3294	2.296131
3295	2.280130
3296	2.290131
3297	2.305132
3298	2.292131
3299	2.293131
3300	2.288131
3301	2.302131
3302	2.348135
3303	2.293131
3304	2.295131
3305	2.278131
3306	2.296131
3307	2.325133
3308	2.293131
3309	2.285131
3310	2.322133
3311	2.330133
3312	2.288131
3313	2.280130
3314	2.287131
3315	2.302132
3316	2.288131
3317	2.284131
3318	2.283131
3319	2.358135
3320	2.290131
3321	2.286131
3322	2.285131
3323	2.290131
3324	2.301131
3325	2.296131
3326	2.280130
3327	2.302132
3328	2.424139
3329	2.310132
3330	2.292131
3331	2.301132
3332	2.283130
3333	2.278130
3334	2.290131
3335	2.350134
3336	2.300132
3337	2.290131
3338	2.320133
3339	2.307132
3340	2.306132
3341	2.301131
3342	2.282131
3343	2.289131
3344	2.371135
3345	2.283130
3346	2.287131
3347	2.294131
3348	2.290131
3349	2.294131
3350	2.281131
3351	2.284131
3352	2.309132
3353	2.350134
3354	2.286131
3355	2.287131
3356	2.285131
3357	2.305132
3358	2.318133
3359	2.296131
3360	2.289131
3361	2.355135
3362	2.292131
3363	2.296132
3364	2.298131
3365	2.281131
3366	2.308132
3367	2.291131
3368	2.316133
3369	2.290131
3370	2.369136
3371	2.283130
3372	2.291131
3373	2.282131
3374	2.285131
3375	2.305132
3376	2.288131
3377	2.300132
3378	2.300132
3379	2.353134
3380	2.294131
3381	2.284131
3382	2.290131
3383	2.308132
3384	2.303132
3385	2.285131
3386	2.291131
3387	2.352134
3388	2.302132
3389	2.397137
3390	2.311132
3391	2.290131
3392	2.303132
3393	2.294131
3394	2.293131
3395	2.295131
3396	2.374136
3397	2.290131
3398	2.280130
3399	2.291131
3400	2.294131
3401	2.303132
3402	2.289131
3403	2.293131
3404	2.296131
3405	2.332133
3406	2.289131
3407	2.292131
3408	2.288131
3409	2.283130
3410	2.292131
3411	2.322133
3412	2.288131
3413	2.350134
3414	2.277130
3415	2.286131
3416	2.298131
3417	2.296131
3418	2.285131
3419	2.277130
3420	2.289131
3421	2.290131
3422	2.356135
3423	2.288131
3424	2.284131
3425	2.286131
3426	2.285131
3427	2.286131
3428	2.287131
3429	2.290131
3430	2.300132
3431	2.350135
3432	2.283131
3433	2.296131
3434	2.320133
3435	2.290131
3436	2.286131
3437	2.311132
3438	2.327133
3439	2.318133
3440	2.284131
3441	2.313132
3442	2.284131
3443	2.294131
3444	2.295131
3445	2.288131
3446	2.308132
3447	2.390136
3448	2.403138
3449	2.373136
3450	2.310132
3451	2.311132
3452	2.292131
3453	2.291131
3454	2.280131
3455	2.310132
3456	2.344134
3457	2.284131
3458	2.290131
3459	2.293131
3460	2.308132
3461	2.281131
3462	2.323133
3463	2.288131
3464	2.362135
3465	2.296131
3466	2.289131
3467	2.286131
3468	2.337133
3469	2.298131
3470	2.291131
3471	2.291131
3472	2.281130
3473	2.383137
3474	2.292131
3475	2.284131
3476	2.291131
3477	2.275130
3478	2.307132
3479	2.288131
3480	2.294131
3481	2.286131
3482	2.360135
3483	2.282130
3484	2.286131
3485	2.287131
3486	2.284131
3487	2.302131
3488	2.289131
3489	2.288131
3490	2.345134
3491	2.347135
3492	2.293131
3493	2.280131
3494	2.289131
3495	2.314132
3496	2.285131
3497	2.288131
3498	2.284131
3499	2.348134
3500	2.293131
3501	2.277130
3502	2.286131
3503	2.289131
3504	2.305132
3505	2.291131
3506	2.287131
3507	2.305132
3508	2.364136
3509	2.287131
3510	2.281131
3511	2.277130
3512	2.285131
3513	2.305132
3514	2.322133
3515	2.282130
3516	2.312132
3517	2.345134
3518	2.370136
3519	2.348134
3520	2.288131
3521	2.307132
3522	2.288131
3523	2.284131
3524	2.286131
3525	2.348135
3526	2.303132
3527	2.293131
3528	2.292131
3529	2.288131
3530	2.305132
3531	2.292131
3532	2.285131
3533	2.289131
3534	2.370136
3535	2.275130
3536	2.283131
3537	2.303132
3538	2.305132
3539	2.295131
3540	2.287131
3541	2.301132
3542	2.344134
3543	2.291131
3544	2.296131
3545	2.293131
3546	2.302131
3547	2.285131
3548	2.279130
3549	2.290131
3550	2.349135
3551	2.298131
3552	2.286131
3553	2.283131
3554	2.292131
3555	2.307132
3556	2.286131
3557	2.290131
3558	2.297131
3559	2.392137
3560	2.284131
3561	2.293131
3562	2.289131
3563	2.284131
3564	2.306132
3565	2.293131
3566	2.304132
3567	2.296131
3568	2.358135
3569	2.280131
3570	2.291131
3571	2.284131
3572	2.312132
3573	2.288131
3574	2.290131
3575	2.284131
3576	2.353135
3577	2.311132
3578	2.287131
3579	2.285131
3580	2.292131
3581	2.297131
3582	2.283131
3583	2.290131
3584	2.284131
3585	2.365135
3586	2.292131
3587	2.284131
3588	2.286131
3589	2.287131
3590	2.304132
3591	2.280131
3592	2.287131
3593	2.287131
3594	2.364135
3595	2.286131
3596	2.289131
3597	2.341134
3598	2.298131
3599	2.294131
3600	2.293131
3601	2.281131
3602	2.340134
3603	2.307132
3604	2.288131
3605	2.282131
3606	2.294131
3607	2.298131
3608	2.290131
3609	2.277130
3610	2.287131
3611	2.351135
3612	2.288131
3613	2.281130
3614	2.306132
3615	2.315132
3616	2.321133
3617	2.298131
3618	2.320132
3619	2.290131
3620	2.346134
3621	2.297131
3622	2.280131
3623	2.290131
3624	2.284131
3625	2.294131
3626	2.290131
3627	2.287131
3628	2.309132
3629	2.327133
3630	2.289131
3631	2.280130
3632	2.288131
3633	2.285131
3634	2.283131
3635	2.293131
3636	2.293131
3637	2.354135
3638	2.285131
3639	2.282131
3640	2.289131
3641	2.298131
3642	2.288131
3643	2.281131
3644	2.284131
3645	2.381136
3646	2.320132
3647	2.390137
3648	2.286131
3649	2.300132
3650	2.291131
3651	2.282131
3652	2.286131
3653	2.334134
3654	2.320133
3655	2.285131
3656	2.286131
3657	2.292131
3658	2.303132
3659	2.283131
3660	2.284131
3661	2.278131
3662	2.349134
3663	2.303132
3664	2.282130
3665	2.295131
3666	2.292131
3667	2.313132
3668	2.286131
3669	2.318132
3670	2.291131
3671	2.379136
3672	2.275130
3673	2.292131
3674	2.287131
3675	2.284131
3676	2.304132
3677	2.642151
3678	2.564147
3679	2.757158
3680	2.568147
3681	2.596148
3682	2.371136
3683	2.365135
3684	2.376136
3685	2.388136
3686	2.363135
3687	2.408138
3688	2.424139
3689	2.412138
3690	2.358135
3691	2.367135
3692	2.390137
3693	2.355135
3694	2.329133
3695	2.292131
3696	2.369135
3697	2.293131
3698	2.296131
3699	2.291131
3700	2.292131
3701	2.302131
3702	2.291131
3703	2.306132
3704	2.354135
3705	2.325133
3706	2.292131
3707	2.418139
3708	2.296131
3709	2.304132
3710	2.315132
3711	2.303132
3712	2.283130
3713	2.360135
3714	2.307132
3715	2.288131
3716	2.290131
3717	2.283131
3718	2.312132
3719	2.293131
3720	2.317132
3721	2.297132
3722	2.384136
3723	2.293131
3724	2.289131
3725	2.343134
3726	2.306132
3727	2.301131
3728	2.288131
3729	2.289131
3730	2.337134
3731	2.335133
3732	2.295131
3733	2.288131
3734	2.296131
3735	2.303132
3736	2.291131
3737	2.289131
3738	2.280131
3739	2.355135
3740	2.303132
3741	2.294131
3742	2.293131
3743	2.291131
3744	2.300132
3745	2.308132
3746	2.305132
3747	2.372136
3748	2.283131
3749	2.300132
3750	2.304132
3751	2.304132
3752	2.278130
3753	2.288131
3754	2.288131
3755	2.338134
3756	2.328133
3757	2.285131
3758	2.287131
3759	2.284131
3760	2.303132
3761	2.294131
3762	2.301132
3763	2.289131
3764	2.362135
3765	2.290131
3766	2.285131
3767	2.288131
3768	2.289131
3769	2.298132
3770	2.297131
3771	2.292131
3772	2.309132
3773	2.380136
3774	2.312132
3775	2.401137
3776	2.302132
3777	2.307132
3778	2.283131
3779	2.301132
3780	2.306132
3781	2.361135
3782	2.311132
3783	2.286131
3784	2.293131
3785	2.299131
3786	2.308132
3787	2.302132
3788	2.298131
3789	2.289131
3790	2.370136
3791	2.355134
3792	2.398039
3793	2.280003
3794	2.280003
3795	2.290003
3796	2.280003
3797	2.280004
3798	2.300003
3799	2.340003
3800	2.280003
3801	2.290003
3802	2.280003
3803	2.300003
3804	2.290003
3805	2.270003
3806	2.280003
3807	2.350003
3808	2.290003
3809	2.280003
3810	2.280003
3811	2.290003
3812	2.300003
3813	2.280003
3814	2.280003
3815	2.280003
3816	2.340003
3817	2.290003
3818	2.280003
3819	2.280003
3820	2.290003
3821	2.280003
3822	2.270003
3823	2.280003
3824	2.320004
3825	2.350003
3826	2.280003
3827	2.280003
3828	2.270003
3829	2.290003
3830	2.280003
3831	2.280003
3832	2.280003
3833	2.280003
3834	2.330003
3835	2.280004
3836	2.290003
3837	2.270003
3838	2.290003
3839	2.270003
3840	2.280003
3841	2.290003
3842	2.340003
3843	2.280003
3844	2.290003
3845	2.280003
3846	2.300003
3847	2.280003
3848	2.300003
3849	2.290003
3850	2.360003
3851	2.290003
3852	2.300004
3853	2.280003
3854	2.320003
3855	2.280003
3856	2.300003
3857	2.280003
3858	2.310003
3859	2.320003
3860	2.270003
3861	2.300003
3862	2.280003
3863	2.280003
3864	2.270003
3865	2.310003
3866	2.280003
3867	2.320003
3868	2.300003
3869	2.270003
3870	2.300003
3871	2.280003
3872	2.280003
3873	2.280003
3874	2.280003
3875	2.330003
3876	2.360003
3877	2.280003
3878	2.280003
3879	2.290003
3880	2.280003
3881	2.270003
3882	2.270003
3883	2.290003
3884	2.300003
3885	2.340003
3886	2.280003
3887	2.290003
3888	2.300004
3889	2.290003
3890	2.280003
3891	2.290003
3892	2.270003
3893	2.350003
3894	2.300003
3895	2.280003
3896	2.290003
3897	2.300003
3898	2.290003
3899	2.290003
3900	2.270003
3901	2.290003
3902	2.380004
3903	2.290003
3904	2.360003
3905	2.350003
3906	2.290003
3907	2.290003
3908	2.280003
3909	2.290003
3910	2.280003
3911	2.360003
3912	2.290003
3913	2.290003
3914	2.280003
3915	2.290003
3916	2.300003
3917	2.280003
3918	2.280003
3919	2.290003
3920	2.350003
3921	2.290003
3922	2.290003
3923	2.280003
3924	2.290003
3925	2.290003
3926	2.290003
3927	2.270003
3928	2.370003
3929	2.300003
3930	2.280003
3931	2.290003
3932	2.280003
3933	2.300003
3934	2.280003
3935	2.280003
3936	2.280003
3937	2.360003
3938	2.280003
3939	2.280003
3940	2.290003
3941	2.290003
3942	2.300003
3943	2.280003
3944	2.280004
3945	2.280003
3946	2.360003
3947	2.280003
3948	2.280003
3949	2.290003
3950	2.290003
3951	2.300003
3952	2.270003
3953	2.330003
3954	2.330003
3955	2.280003
3956	2.300003
3957	2.280003
3958	2.300003
3959	2.290003
3960	2.280003
3961	2.280003
3962	2.350003
3963	2.290003
3964	2.290003
3965	2.300003
3966	2.350003
3967	2.320004
3968	2.290003
3969	2.290003
3970	2.270003
3971	2.370003
3972	2.270003
3973	2.280003
3974	2.290003
3975	2.280003
3976	2.290003
3977	2.280003
3978	2.280003
3979	2.350003
3980	2.320003
3981	2.280003
3982	2.290003
3983	2.330003
3984	2.310003
3985	2.280003
3986	2.270003
3987	2.280003
3988	2.350003
3989	2.300004
3990	2.290003
3991	2.270003
3992	2.280003
3993	2.300003
3994	2.280003
3995	2.290003
3996	2.270003
3997	2.360003
3998	2.290003
3999	2.280003
4000	2.280003
4001	2.290003
4002	2.400003
4003	2.440004
4004	2.390003
4005	2.330003
4006	2.310003
4007	2.280003
4008	2.290003
4009	2.280003
4010	2.290003
4011	2.280003
4012	2.280003
4013	2.290003
4014	2.340003
4015	2.300003
4016	2.280003
4017	2.280003
4018	2.280003
4019	2.270003
4020	2.290003
4021	2.280003
4022	2.280003
4023	2.340003
4024	2.280003
4025	2.290003
4026	2.280003
4027	2.290003
4028	2.280003
4029	2.280003
4030	2.300003
4031	2.290003
4032	2.390003
4033	2.300004
4034	2.390003
4035	2.290003
4036	2.290003
4037	2.280003
4038	2.270003
4039	2.290003
4040	2.340003
4041	2.280003
4042	2.280003
4043	2.290003
4044	2.290003
4045	2.290003
4046	2.280003
4047	2.280003
4048	2.290003
4049	2.350003
4050	2.280003
4051	2.280004
4052	2.280003
4053	2.290003
4054	2.280003
4055	2.290003
4056	2.280003
4057	2.370003
4058	2.270003
4059	2.280003
4060	2.290003
4061	2.290003
4062	2.290003
4063	2.280003
4064	2.290003
4065	2.320003
4066	2.320003
4067	2.290003
4068	2.280003
4069	2.280003
4070	2.310003
4071	2.280003
4072	2.290003
4073	2.280003
4074	2.350003
4075	2.300003
4076	2.280003
4077	2.280003
4078	2.310003
4079	2.320004
4080	2.290003
4081	2.280003
4082	2.280003
4083	2.410003
4084	2.280004
4085	2.280003
4086	2.280003
4087	2.270003
4088	2.350003
4089	2.310003
4090	2.280003
4091	2.290003
4092	2.340003
4093	2.300003
4094	2.280003
4095	2.290003
4096	2.300003
4097	2.290003
4098	2.290003
4099	2.300003
4100	2.340003
4101	2.320003
4102	2.290003
4103	2.280003
4104	2.280003
4105	2.290003
4106	2.290003
4107	2.280003
4108	2.280003
4109	2.360003
4110	2.280003
4111	2.280003
4112	2.280003
4113	2.330003
4114	2.290003
4115	2.280003
4116	2.280003
4117	2.280003
4118	2.340003
4119	2.300004
4120	2.270003
4121	2.290004
4122	2.280003
4123	2.290003
4124	2.290003
4125	2.290003
4126	2.330003
4127	2.300003
4128	2.280003
4129	2.280003
4130	2.270003
4131	2.300003
4132	2.280003
4133	2.280003
4134	2.280003
4135	2.350003
4136	2.330003
4137	2.280003
4138	2.290003
4139	2.270003
4140	2.330003
4141	2.280003
4142	2.270003
4143	2.300003
4144	2.370003
4145	2.280003
4146	2.280003
4147	2.280003
4148	2.290003
4149	2.290003
4150	2.270003
4151	2.290003
4152	2.280003
4153	2.340003
4154	2.290003
4155	2.280003
4156	2.280004
4157	2.300003
4158	2.290003
4159	2.280003
4160	2.300003
4161	2.320003
4162	2.320003
4163	2.370003
4164	2.270003
4165	2.290003
4166	2.280003
4167	2.300003
4168	2.290003
4169	2.370003
4170	2.270003
4171	2.290003
4172	2.280003
4173	2.290003
4174	2.300003
4175	2.280003
4176	2.280003
4177	2.300003
4178	2.350003
4179	2.280003
4180	2.280003
4181	2.280003
4182	2.290003
4183	2.300003
4184	2.280003
4185	2.280003
4186	2.340003
4187	2.340003
4188	2.280003
4189	2.280003
4190	2.280003
4191	2.300003
4192	2.300003
4193	2.280003
4194	2.280003
4195	2.340003
4196	2.300004
4197	2.280003
4198	2.280003
4199	2.280003
4200	2.310003
4201	2.280003
4202	2.290003
4203	2.280003
4204	2.360003
4205	2.290003
4206	2.280003
4207	2.280003
4208	2.300003
4209	2.300003
4210	2.280003
4211	2.280003
4212	2.290003
4213	2.340003
4214	2.300003
4215	2.280003
4216	2.290003
4217	2.300003
4218	2.280003
4219	2.280003
4220	2.280003
4221	2.340003
4222	2.310003
4223	2.280003
4224	2.270003
4225	2.270003
4226	2.390003
4227	2.360003
4228	2.280003
4229	2.320003
4230	2.360003
4231	2.280003
4232	2.280003
4233	2.290003
4234	2.290003
4235	2.280003
4236	2.290003
4237	2.290003
4238	2.290003
4239	2.330003
4240	2.310003
4241	2.290003
4242	2.290003
4243	2.320003
4244	2.290003
4245	2.280003
4246	2.280003
4247	2.340003
4248	2.280003
4249	2.280003
4250	2.280003
4251	2.290003
4252	2.290003
4253	2.280003
4254	2.270003
4255	2.280003
4256	2.350003
4257	2.270003
4258	2.280003
4259	2.280003
4260	2.280003
4261	2.270003
4262	2.280003
4263	2.280003
4264	2.280003
4265	2.300003
4266	2.270003
4267	2.280003
4268	2.280003
4269	2.310004
4270	2.290003
4271	2.290003
4272	2.300003
4273	2.340003
4274	2.280003
4275	2.280003
4276	2.280003
4277	2.270003
4278	2.300003
4279	2.280003
4280	2.270003
4281	2.350003
4282	2.280003
4283	2.290003
4284	2.290003
4285	2.290003
4286	2.280003
4287	2.310004
4288	2.290003
4289	2.270003
4290	2.340003
4291	2.330003
4292	2.390003
4293	2.320003
4294	2.270003
4295	2.280003
4296	2.300003
4297	2.280003
4298	2.300003
4299	2.340003
4300	2.280003
4301	2.300004
4302	2.280003
4303	2.290003
4304	2.280003
4305	2.290003
4306	2.290003
4307	2.340003
4308	2.300003
4309	2.280003
4310	2.300003
4311	2.280003
4312	2.280003
4313	2.290003
4314	2.280003
4315	2.290003
4316	2.350003
4317	2.280003
4318	2.290003
4319	2.300003
4320	2.290003
4321	2.280004
4322	2.290003
4323	2.290003
4324	2.300003
4325	2.360003
4326	2.290003
4327	2.280003
4328	2.290003
4329	2.280003
4330	2.280004
4331	2.290003
4332	2.290003
4333	2.330003
4334	2.330003
4335	2.280003
4336	2.280003
4337	2.280003
4338	2.290003
4339	2.280003
4340	2.280003
4341	2.270003
4342	2.370003
4343	2.280003
4344	2.310003
4345	2.290003
4346	2.280003
4347	2.300003
4348	2.280003
4349	2.280003
4350	2.280003
4351	2.360003
4352	2.370003
4353	2.310004
4354	2.290003
4355	2.290003
4356	2.310003
4357	2.290003
4358	2.280003
4359	2.300004
4360	2.340003
4361	2.290003
4362	2.280003
4363	2.280003
4364	2.290003
4365	2.270003
4366	2.280003
4367	2.280003
4368	2.340003
4369	2.290003
4370	2.280003
4371	2.330003
4372	2.300003
4373	2.280003
4374	2.280003
4375	2.280003
4376	2.370003
4377	2.270003
4378	2.270003
4379	2.280003
4380	2.290003
4381	2.310003
4382	2.270003
4383	2.280003
4384	2.310003
4385	2.360003
4386	2.280003
4387	2.290003
4388	2.290003
4389	2.280004
4390	2.300003
4391	2.280003
4392	2.280003
4393	2.340003
4394	2.310003
4395	2.360003
4396	2.290003
4397	2.280003
4398	2.300003
4399	2.290003
4400	2.270003
4401	2.270003
4402	2.360003
4403	2.290003
4404	2.300003
4405	2.270003
4406	2.280003
4407	2.310003
4408	2.280003
4409	2.280003
4410	2.280003
4411	2.370003
4412	2.270003
4413	2.280003
4414	2.290003
4415	2.290003
4416	2.300004
4417	2.290003
4418	2.280003
4419	2.290003
4420	2.340003
4421	2.290003
4422	2.390003
4423	2.320003
4424	2.300003
4425	2.280003
4426	2.270003
4427	2.300003
4428	2.340003
4429	2.300003
4430	2.310003
4431	2.280003
4432	2.280003
4433	2.300003
4434	2.280003
4435	2.280003
4436	2.280003
4437	2.360003
4438	2.280003
4439	2.340003
4440	2.280003
4441	2.290003
4442	2.290003
4443	2.280003
4444	2.280003
4445	2.290003
4446	2.350003
4447	2.280003
4448	2.330003
4449	2.270003
4450	2.310004
4451	2.280003
4452	2.270003
4453	2.280003
4454	2.330003
4455	2.310003
4456	2.280003
4457	2.280003
4458	2.290003
4459	2.300003
4460	2.280003
4461	2.270003
4462	2.290003
4463	2.350003
4464	2.290003
4465	2.290003
4466	2.280003
4467	2.280003
4468	2.300003
4469	2.290003
4470	2.280003
4471	2.280003
4472	2.360003
4473	2.290003
4474	2.290003
4475	2.270003
4476	2.290003
4477	2.290003
4478	2.270003
4479	2.330003
4480	2.310003
4481	2.290003
4482	2.280003
4483	2.270003
4484	2.300003
4485	2.290003
4486	2.340003
4487	2.340003
4488	2.340003
4489	2.300003
4490	2.280003
4491	2.280003
4492	2.280003
4493	2.310003
4494	2.290003
4495	2.280003
4496	2.280003
4497	2.360003
4498	2.280003
4499	2.310004
4500	2.290003
4501	2.330003
4502	2.290003
4503	2.290003
4504	2.270003
4505	2.290003
4506	2.350003
4507	2.280003
4508	2.290003
4509	2.280003
4510	2.300003
4511	2.280003
4512	2.300003
4513	2.290003
4514	2.340003
4515	2.300003
4516	2.280003
4517	2.290003
4518	2.270003
4519	2.300003
4520	2.280003
4521	2.280003
4522	2.280003
4523	2.350003
4524	2.300003
4525	2.290003
4526	2.280003
4527	2.290003
4528	2.300003
4529	2.280003
4530	2.280003
4531	2.290003
4532	2.350003
4533	2.280003
4534	2.270003
4535	2.290003
4536	2.280003
4537	2.300003
4538	2.290003
4539	2.280003
4540	2.340003
4541	2.310003
4542	2.270003
4543	2.280003
4544	2.290003
4545	2.310003
4546	2.280003
4547	2.290003
4548	2.280003
4549	2.340003
4550	2.290003
4551	2.330003
4552	2.420003
4553	2.280003
4554	2.300003
4555	2.280003
4556	2.290003
4557	2.280003
4558	2.370003
4559	2.280003
4560	2.290003
4561	2.280003
4562	2.280003
4563	2.300003
4564	2.280003
4565	2.280003
4566	2.320003
4567	2.330003
4568	2.270003
4569	2.310003
4570	2.280003
4571	2.290003
4572	2.290003
4573	2.270003
4574	2.280003
4575	2.350003
4576	2.290003
4577	2.300003
4578	2.300003
4579	2.290003
4580	2.280003
4581	2.280003
4582	2.290003
4583	2.350003
4584	2.290003
4585	2.280003
4586	2.290003
4587	2.300003
4588	2.300003
4589	2.280003
4590	2.280003
4591	2.290003
4592	2.340003
4593	2.280003
4594	2.290003
4595	2.280003
4596	2.290003
4597	2.290003
4598	2.280003
4599	2.280003
4600	2.340003
4601	2.300003
4602	2.300003
4603	2.310003
4604	2.290003
4605	2.310003
4606	2.280003
4607	2.280003
4608	2.290003
4609	2.370003
4610	2.280003
4611	2.270003
4612	2.280003
4613	2.300003
4614	2.280003
4615	2.280003
4616	2.290003
4617	2.280003
4618	2.360003
4619	2.270003
4620	2.290003
4621	2.290003
4622	2.280003
4623	2.280003
4624	2.270003
4625	2.290003
4626	2.310003
4627	2.320003
4628	2.280003
4629	2.280003
4630	2.280003
4631	2.330003
4632	2.290003
4633	2.280003
4634	2.280003
4635	2.340003
4636	2.280003
4637	2.280003
4638	2.270003
4639	2.280003
4640	2.290003
4641	2.280003
4642	2.280003
4643	2.290003
4644	2.340003
4645	2.280003
4646	2.280003
4647	2.280003
4648	2.290003
4649	2.270003
4650	2.280003
4651	2.260003
4652	2.280003
4653	2.330003
4654	2.290003
4655	2.280003
4656	2.320004
4657	2.270003
4658	2.290003
4659	2.290003
4660	2.280003
4661	2.330003
4662	2.280003
4663	2.280003
4664	2.290003
4665	2.280003
4666	2.280003
4667	2.270003
4668	2.280003
4669	2.300003
4670	2.350003
4671	2.280003
4672	2.280003
4673	2.290003
4674	2.280003
4675	2.280003
4676	2.290003
4677	2.280003
4678	2.280003
4679	2.330003
4680	2.290003
4681	2.310003
4682	2.290003
4683	2.280003
4684	2.280003
4685	2.300003
4686	2.300003
4687	2.320003
4688	2.280003
4689	2.290003
4690	2.280003
4691	2.280003
4692	2.300003
4693	2.280003
4694	2.300003
4695	2.380003
4696	2.280003
4697	2.270003
4698	2.300003
4699	2.300003
4700	2.270003
4701	2.290003
4702	2.280003
4703	2.310004
4704	2.340003
4705	2.290003
4706	2.270003
4707	2.310003
4708	2.300003
4709	2.280003
4710	2.280003
4711	2.310003
4712	2.290003
4713	2.350003
4714	2.270003
4715	2.290003
4716	2.270003
4717	2.290003
4718	2.300003
4719	2.290003
4720	2.290003
4721	2.360003
4722	2.290003
4723	2.280003
4724	2.280003
4725	2.280003
4726	2.310003
4727	2.280003
4728	2.280003
4729	2.280003
4730	2.340003
4731	2.300003
4732	2.290003
4733	2.280003
4734	2.290003
4735	2.300003
4736	2.280003
4737	2.280003
4738	2.290003
4739	2.380003
4740	2.280003
4741	2.280003
4742	2.300003
4743	2.280003
4744	2.300003
4745	2.290003
4746	2.270003
4747	2.430003
4748	2.330003
4749	2.280003
4750	2.270003
4751	2.280003
4752	2.290003
4753	2.280003
4754	2.290003
4755	2.280003
4756	2.350003
4757	2.290003
4758	2.280003
4759	2.280004
4760	2.340003
4761	2.330003
4762	2.280003
4763	2.290003
4764	2.290003
4765	2.350003
4766	2.280003
4767	2.280003
4768	2.290003
4769	2.280003
4770	2.290004
4771	2.290003
4772	2.280003
4773	2.280003
4774	2.360003
4775	2.280003
4776	2.280003
4777	2.280003
4778	2.300003
4779	2.290003
4780	2.270003
4781	2.290003
4782	2.330003
4783	2.310003
4784	2.280003
4785	2.310003
4786	2.300003
4787	2.280003
4788	2.280003
4789	2.290003
4790	2.360003
4791	2.290003
4792	2.280003
4793	2.280003
4794	2.270003
4795	2.300003
4796	2.280003
4797	2.270003
4798	2.280003
4799	2.360003
4800	2.290003
4801	2.280003
4802	2.290003
4803	2.290003
4804	2.300003
4805	2.270003
4806	2.280003
4807	2.320003
4808	2.330003
4809	2.290003
4810	2.410003
4811	2.310003
4812	2.300003
4813	2.280003
4814	2.280003
4815	2.270003
4816	2.350003
4817	2.290003
4818	2.280003
4819	2.270003
4820	2.290003
4821	2.300003
4822	2.280004
4823	2.280003
4824	2.280003
4825	2.360003
4826	2.290003
4827	2.280003
4828	2.280003
4829	2.290003
4830	2.300003
4831	2.280003
4832	2.270003
4833	2.290003
4834	2.360003
4835	2.290003
4836	2.280003
4837	2.280003
4838	2.290004
4839	2.300003
4840	2.290003
4841	2.290003
4842	2.350003
4843	2.290003
4844	2.280003
4845	2.280003
4846	2.280003
4847	2.300003
4848	2.270003
4849	2.280003
4850	2.280003
4851	2.370003
4852	2.300003
4853	2.280003
4854	2.290003
4855	2.270003
4856	2.310003
4857	2.280003
4858	2.280004
4859	2.280003
4860	2.340003
4861	2.290003
4862	2.280003
4863	2.290003
4864	2.310004
4865	2.290003
4866	2.280003
4867	2.300004
4868	2.290003
4869	2.310003
4870	2.280003
4871	2.270003
4872	2.290003
4873	2.290003
4874	2.280004
4875	2.280003
4876	2.280003
4877	2.350003
4878	2.290003
4879	2.280003
4880	2.290003
4881	2.290003
4882	2.280003
4883	2.280003
4884	2.290003
4885	2.270003
4886	2.360003
4887	2.280003
4888	2.290003
4889	2.330003
4890	2.290003
4891	2.280003
4892	2.280003
4893	2.310003
4894	2.330003
4895	2.270003
4896	2.290003
4897	2.310003
4898	2.280003
4899	2.280003
4900	2.280003
4901	2.280003
4902	2.360003
4903	2.290003
4904	2.270003
4905	2.300003
4906	2.280003
4907	2.300004
4908	2.280003
4909	2.280003
4910	2.280003
4911	2.400003
4912	2.270003
4913	2.280003
4914	2.290003
4915	2.320004
4916	2.300003
4917	2.270003
4918	2.280003
4919	2.280003
4920	2.360003
4921	2.290003
4922	2.280003
4923	2.290003
4924	2.280003
4925	2.290003
4926	2.280003
4927	2.290003
4928	2.310003
4929	2.360003
4930	2.280003
4931	2.280003
4932	2.290003
4933	2.300003
4934	2.280003
4935	2.280003
4936	2.270003
4937	2.340003
4938	2.290003
4939	2.320003
4940	2.370003
4941	2.290003
4942	2.300003
4943	2.290003
4944	2.280003
4945	2.280003
4946	2.370003
4947	2.290003
4948	2.300003
4949	2.280003
4950	2.280003
4951	2.290003
4952	2.280003
4953	2.300003
4954	2.290003
4955	2.330003
4956	2.300003
4957	2.280003
4958	2.300003
4959	2.280003
4960	2.280003
4961	2.280003
4962	2.280003
4963	2.320003
4964	2.330003
4965	2.280003
4966	2.270003
4967	2.280003
4968	2.340003
4969	2.300003
4970	2.280003
4971	2.290003
4972	2.380003
4973	2.280003
4974	2.280003
4975	2.280003
4976	2.280003
4977	2.320003
4978	2.280003
4979	2.280003
4980	2.280003
4981	2.350003
4982	2.280003
4983	2.280003
4984	2.290003
4985	2.280003
4986	2.300003
4987	2.290003
4988	2.270003
4989	2.310004
4990	2.340003
4991	2.280003
4992	2.290003
4993	2.320004
4994	2.280003
4995	2.290003
4996	2.280003
4997	2.340003
4998	2.290003
4999	2.290003
5000	2.280003
5001	2.280003
5002	2.300003
5003	2.290003
5004	2.290003
5005	2.280003
5006	2.450004
5007	2.390003
5008	2.290003
5009	2.290003
5010	2.280003
5011	2.300003
5012	2.270003
5013	2.290003
5014	2.310004
5015	2.330003
5016	2.290003
5017	2.290003
5018	2.280003
5019	2.380003
5020	2.270003
5021	2.290003
5022	2.270003
5023	2.370003
5024	2.290003
5025	2.290004
5026	2.270003
5027	2.280003
5028	2.300003
5029	2.290003
5030	2.280003
5031	2.280003
5032	2.380004
5033	2.280003
5034	2.280003
5035	2.280003
5036	2.280003
5037	2.300003
5038	2.280003
5039	2.300003
5040	2.290003
5041	2.350003
5042	2.280003
5043	2.300004
5044	2.280003
5045	2.300003
5046	2.280003
5047	2.290003
5048	2.270003
5049	2.350003
5050	2.300003
5051	2.290003
5052	2.270003
5053	2.300003
5054	2.290003
5055	2.290003
5056	2.270003
5057	2.280003
5058	2.370003
5059	2.280003
5060	2.310003
5061	2.290003
5062	2.280003
5063	2.300003
5064	2.280003
5065	2.280003
5066	2.280003
5067	2.340003
5068	2.290003
5069	2.370003
5070	2.310003
5071	2.280003
5072	2.340003
5073	2.290003
5074	2.290003
5075	2.330003
5076	2.290003
5077	2.280003
5078	2.280003
5079	2.280003
5080	2.280003
5081	2.290003
5082	2.280003
5083	2.270003
5084	2.360003
5085	2.280003
5086	2.270003
5087	2.290003
5088	2.290003
5089	2.280004
5090	2.280003
5091	2.280003
5092	2.280003
5093	2.350003
5094	2.280003
5095	2.290003
5096	2.280003
5097	2.300003
5098	2.280003
5099	2.280003
5100	2.300003
5101	2.340003
5102	2.280003
5103	2.280003
5104	2.290003
5105	2.290003
5106	2.290003
5107	2.280003
5108	2.280003
5109	2.340003
5110	2.320003
5111	2.270003
5112	2.300003
5113	2.280003
5114	2.310003
5115	2.280003
5116	2.300003
5117	2.280003
5118	2.360003
5119	2.270003
5120	2.270003
5121	2.290003
5122	2.270003
5123	2.330003
5124	2.290003
5125	2.280003
5126	2.290003
5127	2.350003
5128	2.280003
5129	2.280003
5130	2.270003
5131	2.280003
5132	2.310003
5133	2.280003
5134	2.270003
5135	2.330003
5136	2.310003
5137	2.280003
5138	2.290003
5139	2.280003
5140	2.300003
5141	2.280003
5142	2.270003
5143	2.290003
5144	2.350003
5145	2.300003
5146	2.280003
5147	2.280003
5148	2.290003
5149	2.340003
5150	2.290003
5151	2.300003
5152	2.270003
5153	2.350003
5154	2.280003
5155	2.310003
5156	2.270003
5157	2.290003
5158	2.290003
5159	2.280003
5160	2.270003
5161	2.300003
5162	2.340003
5163	2.280003
5164	2.290003
5165	2.290003
5166	2.290003
5167	2.280003
5168	2.280003
5169	2.280004
5170	2.340003
5171	2.300003
5172	2.280003
5173	2.280003
5174	2.280003
5175	2.280003
5176	2.320003
5177	2.280003
5178	2.290003
5179	2.340003
5180	2.300003
5181	2.290003
5182	2.280003
5183	2.270003
5184	2.300004
5185	2.270003
5186	2.280003
5187	2.290003
5188	2.360003
5189	2.280003
5190	2.280003
5191	2.280003
5192	2.270003
5193	2.290003
5194	2.290003
5195	2.270003
5196	2.300004
5197	2.340003
5198	2.270003
5199	2.370003
5200	2.320003
