0001	3.125179
0002	2.723156
0003	2.860163
0004	2.717155
0005	2.630150
0006	2.693154
0007	2.750157
0008	2.661152
0009	2.812161
0010	2.651152
0011	2.740157
0012	2.608149
0013	2.511144
0014	2.392137
0015	2.639151
0016	2.415138
0017	2.472142
0018	2.488142
0019	2.511144
0020	2.495142
0021	2.480142
0022	2.490143
0023	2.453140
0024	2.426139
0025	2.429139
0026	2.455140
0027	2.382136
0028	2.388136
0029	2.404137
0030	2.397137
0031	2.386137
0032	2.382136
0033	2.419139
0034	2.484142
0035	2.387136
0036	2.379136
0037	2.512144
0038	2.567147
0039	2.429139
0040	2.402137
0041	2.400137
0042	2.479142
0043	2.393137
0044	2.396137
0045	2.421138
0046	2.369136
0047	2.456141
0048	2.443140
0049	2.374136
0050	2.435139
0051	2.417138
0052	2.388137
0053	2.389137
0054	2.432139
0055	2.371136
0056	2.415138
0057	2.379136
0058	2.398137
0059	2.557146
0060	2.452140
0061	2.473141
0062	2.454140
0063	2.430139
0064	2.420139
0065	2.452140
0066	2.466141
0067	2.465141
0068	2.377136
0069	2.370136
0070	2.409138
0071	2.379136
0072	2.376136
0073	2.439140
0074	2.530144
0075	2.474142
0076	2.415138
0077	2.407138
0078	2.480142
0079	2.468141
0080	2.599149
0081	2.757158
0082	2.464141
0083	2.918167
0084	2.556146
0085	2.666152
0086	2.656152
0087	2.671153
0088	2.409138
0089	2.353135
0090	2.481142
0091	2.594148
0092	2.510137
0093	2.845163
0094	2.562127
0095	2.721156
0096	2.519037
0097	2.360003
0098	2.380003
0099	2.350003
0100	2.290003
0101	2.310003
0102	2.300003
0103	2.300003
0104	2.310003
0105	2.330003
0106	2.390003
0107	2.290003
0108	2.320003
0109	2.310003
0110	2.350003
0111	2.300003
0112	2.330003
0113	2.300003
0114	2.320003
0115	2.370003
0116	2.320003
0117	2.310003
0118	2.370003
0119	2.310003
0120	2.310003
0121	2.300003
0122	2.340003
0123	2.390003
0124	2.330003
0125	2.310003
0126	2.340003
0127	2.330003
0128	2.320003
0129	2.310003
0130	2.320003
0131	2.320003
0132	2.370003
0133	2.300003
0134	2.350003
0135	2.330003
0136	2.320003
0137	2.320003
0138	2.370003
0139	2.310003
0140	2.380003
0141	2.320003
0142	2.370003
0143	2.290003
0144	2.340003
0145	2.300003
0146	2.380003
0147	2.300003
0148	2.330003
0149	2.380003
0150	2.320004
0151	2.310003
0152	2.330003
0153	2.310003
0154	2.290003
0155	2.310003
0156	2.360003
0157	2.320004
0158	2.400003
0159	2.310003
0160	2.340003
0161	2.310003
0162	2.320003
0163	2.300003
0164	2.310003
0165	2.300003
0166	2.360003
0167	2.310003
0168	2.300003
0169	2.340003
0170	2.330003
0171	2.310003
0172	2.320003
0173	2.300003
0174	2.300003
0175	2.430004
0176	2.310003
0177	2.290003
0178	2.320003
0179	2.290003
0180	2.350003
0181	2.370003
0182	2.300004
0183	2.350003
0184	2.360003
0185	2.320003
0186	2.300003
0187	2.340003
0188	2.310003
0189	2.310003
0190	2.320003
0191	2.300003
0192	2.390003
0193	2.310004
0194	2.300003
0195	2.300003
0196	2.340003
0197	2.310003
0198	2.320003
0199	2.300003
0200	2.320003
0201	2.410003
0202	2.320003
0203	2.330003
0204	2.310003
0205	2.300004
0206	2.300003
0207	2.300003
0208	2.320003
0209	2.310003
0210	2.320003
0211	2.300003
0212	2.320003
0213	2.330003
0214	2.340003
0215	2.310003
0216	2.340003
0217	2.420003
0218	2.380003
0219	2.420003
0220	2.320003
0221	2.320003
0222	2.320003
0223	2.310003
0224	2.310003
0225	2.370003
0226	2.390003
0227	2.300003
0228	2.310003
0229	2.300003
0230	2.310003
0231	2.320003
0232	2.320003
0233	2.300003
0234	2.400003
0235	2.360003
0236	2.320003
0237	2.310003
0238	2.330003
0239	2.320003
0240	2.370003
0241	2.320003
0242	2.350003
0243	2.350003
0244	2.330003
0245	2.340003
0246	2.300003
0247	2.300003
0248	2.300003
0249	2.360003
0250	2.360003
0251	2.430003
0252	2.310003
0253	2.360003
0254	2.290003
0255	2.310003
0256	2.290003
0257	2.320003
0258	2.320003
0259	2.310003
0260	2.330003
0261	2.310003
0262	2.380003
0263	2.330003
0264	2.320003
0265	2.300003
0266	2.330003
0267	2.320003
0268	2.380003
0269	2.330003
0270	2.300003
0271	2.330003
0272	2.330003
0273	2.300003
0274	2.300003
0275	2.320004
0276	2.330003
0277	2.410003
0278	2.320004
0279	2.300003
0280	2.330003
0281	2.310003
0282	2.300003
0283	2.290003
0284	2.310003
0285	2.370003
0286	2.310003
0287	2.300003
0288	2.310003
0289	2.330003
0290	2.310003
0291	2.310004
0292	2.280003
0293	2.320003
0294	2.400003
0295	2.340003
0296	2.390003
0297	2.350003
0298	2.350003
0299	2.330003
0300	2.340003
0301	2.360003
0302	2.410004
0303	2.370003
0304	2.310003
0305	2.290003
0306	2.370003
0307	2.310003
0308	2.350003
0309	2.370003
0310	2.330003
0311	2.370003
0312	2.300003
0313	2.350003
0314	2.320003
0315	2.380003
0316	2.360003
0317	2.390003
0318	2.430003
0319	2.340003
0320	2.290003
0321	2.300004
0322	2.320003
0323	2.310003
0324	2.320003
0325	2.310003
0326	2.330003
0327	2.380003
0328	2.340003
0329	2.310003
0330	2.350003
0331	2.360003
0332	2.340003
0333	2.370003
0334	2.340003
0335	2.390003
0336	2.400003
0337	2.390004
0338	2.310003
0339	2.370003
0340	2.350003
0341	2.390003
0342	2.330003
0343	2.330003
0344	2.390003
0345	2.310003
0346	2.410003
0347	2.390003
0348	2.340003
0349	2.300003
0350	2.330003
0351	2.290003
0352	2.330003
0353	2.370003
0354	2.300003
0355	2.310004
0356	2.320003
0357	2.300003
0358	2.310003
0359	2.310003
0360	2.340003
0361	2.370003
0362	2.300004
0363	2.300003
0364	2.310003
0365	2.330003
0366	2.300003
0367	2.300003
0368	2.310003
0369	2.320003
0370	2.380003
0371	2.310003
0372	2.310003
0373	2.340003
0374	2.310003
0375	2.310003
0376	2.310003
0377	2.300004
0378	2.350003
0379	2.350003
0380	2.330003
0381	2.320003
0382	2.320003
0383	2.310003
0384	2.280003
0385	2.290003
0386	2.280003
0387	2.350003
0388	2.340003
0389	2.320003
0390	2.320003
0391	2.290003
0392	2.280003
0393	2.280003
0394	2.280003
0395	2.280003
0396	2.370003
0397	2.310003
0398	2.290003
0399	2.290003
0400	2.280003
0401	2.280003
0402	2.280003
0403	2.280003
0404	2.320003
0405	2.330003
0406	2.290003
0407	2.280003
0408	2.290003
0409	2.280003
0410	2.280003
0411	2.300003
0412	2.290003
0413	2.360003
0414	2.290003
0415	2.280003
0416	2.280003
0417	2.300003
0418	2.280003
0419	2.290003
0420	2.280003
0421	2.390004
0422	2.290003
0423	2.270003
0424	2.290003
0425	2.300003
0426	2.290003
0427	2.290003
0428	2.290003
0429	2.320003
0430	2.350003
0431	2.320003
0432	2.290003
0433	2.280003
0434	2.280003
0435	2.350003
0436	2.280003
0437	2.290003
0438	2.360003
0439	2.300003
0440	2.280003
0441	2.290003
0442	2.290003
0443	2.290003
0444	2.300003
0445	2.280003
0446	2.280003
0447	2.360003
0448	2.300003
0449	2.280003
0450	2.290003
0451	2.280003
0452	2.290003
0453	2.300003
0454	2.290003
0455	2.280003
0456	2.350003
0457	2.310003
0458	2.290003
0459	2.270003
0460	2.300003
0461	2.290003
0462	2.300003
0463	2.280003
0464	2.330003
0465	2.290003
0466	2.280003
0467	2.300003
0468	2.280004
0469	2.290003
0470	2.290003
0471	2.310003
0472	2.300003
0473	2.360003
0474	2.280003
0475	2.380003
0476	2.350003
0477	2.280003
0478	2.280003
0479	2.290003
0480	2.290003
0481	2.280003
0482	2.380004
0483	2.280003
0484	2.310003
0485	2.300003
0486	2.280003
0487	2.290003
0488	2.280004
0489	2.300003
0490	2.320003
0491	2.310003
0492	2.290003
0493	2.270003
0494	2.300003
0495	2.280003
0496	2.270003
0497	2.270003
0498	2.300003
0499	2.380003
0500	2.290003
0501	2.300003
0502	2.270003
0503	2.300003
0504	2.280003
0505	2.290003
0506	2.270003
0507	2.290003
0508	2.370003
0509	2.280003
0510	2.290003
0511	2.310003
0512	2.280003
0513	2.280003
0514	2.280003
0515	2.290003
0516	2.320003
0517	2.320003
0518	2.280003
0519	2.290003
0520	2.300003
0521	2.280003
0522	2.280003
0523	2.290003
0524	2.350003
0525	2.280003
0526	2.280003
0527	2.300003
0528	2.290003
0529	2.280003
0530	2.280003
0531	2.280003
0532	2.290003
0533	2.360003
0534	2.280003
0535	2.310003
0536	2.300003
0537	2.280003
0538	2.290003
0539	2.290003
0540	2.300003
0541	2.300004
0542	2.350003
0543	2.290003
0544	2.280003
0545	2.300003
0546	2.290003
0547	2.280003
0548	2.290003
0549	2.300003
0550	2.350003
0551	2.290003
0552	2.280003
0553	2.280003
0554	2.290003
0555	2.280004
0556	2.280003
0557	2.290003
0558	2.300003
0559	2.350003
0560	2.320003
0561	2.360003
0562	2.280003
0563	2.300003
0564	2.290003
0565	2.340003
0566	2.280003
0567	2.310003
0568	2.350003
0569	2.280003
0570	2.290003
0571	2.310003
0572	2.300003
0573	2.280003
0574	2.280003
0575	2.290003
0576	2.350003
0577	2.300003
0578	2.280003
0579	2.280004
0580	2.300003
0581	2.290003
0582	2.280003
0583	2.280003
0584	2.290003
0585	2.350003
0586	2.280003
0587	2.280003
0588	2.300003
0589	2.310004
0590	2.280003
0591	2.280003
0592	2.290003
0593	2.310003
0594	2.370003
0595	2.280003
0596	2.280003
0597	2.280003
0598	2.300003
0599	2.280003
0600	2.290003
0601	2.280003
0602	2.300003
0603	2.340003
0604	2.300003
0605	2.410003
0606	2.280003
0607	2.290003
0608	2.280003
0609	2.280003
0610	2.290003
0611	2.350003
0612	2.300003
0613	2.290003
0614	2.290003
0615	2.280003
0616	2.290003
0617	2.300003
0618	2.290003
0619	2.290003
0620	2.360003
0621	2.280003
0622	2.310004
0623	2.300003
0624	2.280003
0625	2.290003
0626	2.300003
0627	2.300003
0628	2.330003
0629	2.270003
0630	2.300004
0631	2.280003
0632	2.280003
0633	2.280003
0634	2.280003
0635	2.310003
0636	2.360003
0637	2.280003
0638	2.290003
0639	2.340003
0640	2.280003
0641	2.280003
0642	2.280003
0643	2.280003
0644	2.320003
0645	2.360003
0646	2.270003
0647	2.280003
0648	2.300003
0649	2.290003
0650	2.280003
0651	2.320003
0652	2.380003
0653	2.320004
0654	2.330003
0655	2.290003
0656	2.290004
0657	2.310003
0658	2.280003
0659	2.300003
0660	2.280003
0661	2.310003
0662	2.370003
0663	2.340003
0664	2.320004
0665	2.300003
0666	2.290003
0667	2.280003
0668	2.300003
0669	2.280003
0670	2.310003
0671	2.370003
0672	2.300003
0673	2.300003
0674	2.360003
0675	2.330003
0676	2.330003
0677	2.350003
0678	2.290003
0679	2.310003
0680	2.330003
0681	2.300003
0682	2.290003
0683	2.320003
0684	2.290003
0685	2.280003
0686	2.280003
0687	2.300003
0688	2.340003
0689	2.290003
0690	2.290003
0691	2.320003
0692	2.290003
0693	2.280003
0694	2.330003
0695	2.280003
0696	2.290003
0697	2.350003
0698	2.280003
0699	2.290003
0700	2.300003
0701	2.280003
0702	2.280003
0703	2.290003
0704	2.290003
0705	2.310003
0706	2.340003
0707	2.280003
0708	2.320003
0709	2.300003
0710	2.280003
0711	2.290003
0712	2.290003
0713	2.300003
0714	2.350003
0715	2.290003
0716	2.290003
0717	2.290003
0718	2.290003
0719	2.280003
0720	2.290003
0721	2.290003
0722	2.290003
0723	2.360003
0724	2.300003
0725	2.270003
0726	2.300003
0727	2.290003
0728	2.280003
0729	2.290003
0730	2.300003
0731	2.350003
0732	2.290003
0733	2.420003
0734	2.310003
0735	2.290003
0736	2.290003
0737	2.290003
0738	2.300003
0739	2.360003
0740	2.300003
0741	2.290003
0742	2.280003
0743	2.330003
0744	2.290003
0745	2.280004
0746	2.290003
0747	2.290003
0748	2.380003
0749	2.280003
0750	2.290003
0751	2.310003
0752	2.290003
0753	2.300003
0754	2.280003
0755	2.280003
0756	2.310004
0757	2.350003
0758	2.280003
0759	2.290003
0760	2.310003
0761	2.280003
0762	2.290003
0763	2.280003
0764	2.280003
0765	2.360003
0766	2.290003
0767	2.290003
0768	2.280003
0769	2.310003
0770	2.280003
0771	2.280003
0772	2.290003
0773	2.290003
0774	2.360003
0775	2.300003
0776	2.280003
0777	2.300003
0778	2.300003
0779	2.280003
0780	2.270003
0781	2.290003
0782	2.310003
0783	2.360003
0784	2.280003
0785	2.300003
0786	2.310003
0787	2.300003
0788	2.280003
0789	2.280003
0790	2.280003
0791	2.290003
0792	2.370003
0793	2.290003
0794	2.280004
0795	2.320003
0796	2.290003
0797	2.290003
0798	2.290003
0799	2.280003
0800	2.350003
0801	2.290003
0802	2.280003
0803	2.280003
0804	2.290003
0805	2.280003
0806	2.310003
0807	2.290003
0808	2.300003
0809	2.350003
0810	2.280003
0811	2.280003
0812	2.290003
0813	2.280004
0814	2.280003
0815	2.280003
0816	2.290003
0817	2.280003
0818	2.360003
0819	2.280003
0820	2.360003
0821	2.380003
0822	2.280004
0823	2.290003
0824	2.340003
0825	2.280003
0826	2.370003
0827	2.300003
0828	2.290003
0829	2.280003
0830	2.290003
0831	2.280003
0832	2.290003
0833	2.300004
0834	2.360003
0835	2.280003
0836	2.280003
0837	2.310004
0838	2.270003
0839	2.280003
0840	2.290003
0841	2.300003
0842	2.270003
0843	2.350003
0844	2.290003
0845	2.280003
0846	2.340003
0847	2.310003
0848	2.290003
0849	2.280003
0850	2.290003
0851	2.350003
0852	2.310003
0853	2.290003
0854	2.280003
0855	2.310003
0856	2.280003
0857	2.280003
0858	2.300003
0859	2.310003
0860	2.360003
0861	2.280003
0862	2.350003
0863	2.370003
0864	2.300003
0865	2.280003
0866	2.290003
0867	2.300003
0868	2.290003
0869	2.360003
0870	2.280003
0871	2.290003
0872	2.300003
0873	2.290003
0874	2.290003
0875	2.280003
0876	2.280003
0877	2.350003
0878	2.310003
0879	2.280003
0880	2.270003
0881	2.300003
0882	2.290003
0883	2.280003
0884	2.290003
0885	2.300003
0886	2.350003
0887	2.290003
0888	2.280003
0889	2.290003
0890	2.290003
0891	2.280003
0892	2.280003
0893	2.280003
0894	2.310003
0895	2.360003
0896	2.290003
0897	2.290003
0898	2.300003
0899	2.320003
0900	2.280003
0901	2.290003
0902	2.280003
0903	2.290003
0904	2.340003
0905	2.280003
0906	2.280003
0907	2.290003
0908	2.290003
0909	2.280004
0910	2.290003
0911	2.300003
0912	2.360003
0913	2.300003
0914	2.290003
0915	2.290003
0916	2.300003
0917	2.280003
0918	2.300003
0919	2.280003
0920	2.520004
0921	2.830122
0922	2.325133
0923	2.320133
0924	2.435091
0925	2.589148
0926	2.624150
0927	2.650152
0928	2.679153
0929	2.665153
0930	2.509144
0931	2.453140
0932	2.396137
0933	2.385136
0934	2.359135
0935	2.381136
0936	2.374136
0937	2.394137
0938	2.414138
0939	2.402138
0940	2.370136
0941	2.369136
0942	2.406137
0943	2.372136
0944	2.437139
0945	2.358135
0946	2.370136
0947	2.380136
0948	2.444140
0949	2.384136
0950	2.414138
0951	2.354135
0952	2.429139
0953	2.396137
0954	2.375136
0955	2.365135
0956	2.375136
0957	2.362135
0958	2.367135
0959	2.362135
0960	2.392137
0961	2.461141
0962	2.365135
0963	2.408138
0964	2.378136
0965	2.356135
0966	2.357135
0967	2.354135
0968	2.401137
0969	2.416138
0970	2.384136
0971	2.362135
0972	2.357135
0973	2.376136
0974	2.359135
0975	2.374136
0976	2.352134
0977	2.382136
0978	2.436139
0979	2.383136
0980	2.380136
0981	2.387136
0982	2.377136
0983	2.357135
0984	2.365135
0985	2.396137
0986	2.455140
0987	2.358135
0988	2.443140
0989	2.465141
0990	2.360135
0991	2.365135
0992	2.380136
0993	2.409138
0994	2.433139
0995	2.378136
0996	2.370136
0997	2.369135
0998	2.371136
0999	2.395137
1000	2.368135
1001	2.361135
1002	2.382136
1003	2.441139
1004	2.359135
1005	2.371135
1006	2.364136
1007	2.357135
1008	2.372136
1009	2.359135
1010	2.357135
1011	2.441140
1012	2.356135
1013	2.394137
1014	2.364135
1015	2.364135
1016	2.355135
1017	2.365135
1018	2.361135
1019	2.434138
1020	2.454035
1021	2.290003
1022	2.290003
1023	2.280003
1024	2.310003
1025	2.290003
1026	2.280003
1027	2.290003
1028	2.320003
1029	2.300003
1030	2.290003
1031	2.280004
1032	2.300003
1033	2.280003
1034	2.290003
1035	2.280003
1036	2.290003
1037	2.350003
1038	2.290003
1039	2.280003
1040	2.290003
1041	2.300003
1042	2.280003
1043	2.290003
1044	2.290003
1045	2.370003
1046	2.280003
1047	2.290003
1048	2.290003
1049	2.320004
1050	2.290003
1051	2.290003
1052	2.280003
1053	2.340003
1054	2.310003
1055	2.280003
1056	2.270003
1057	2.290003
1058	2.280003
1059	2.300003
1060	2.280003
1061	2.280003
1062	2.360003
1063	2.310003
1064	2.300003
1065	2.280003
1066	2.270003
1067	2.270003
1068	2.310003
1069	2.270003
1070	2.290003
1071	2.350003
1072	2.300004
1073	2.270003
1074	2.290003
1075	2.440003
1076	2.280003
1077	2.370003
1078	2.280003
1079	2.320004
1080	2.320003
1081	2.290003
1082	2.280003
1083	2.280004
1084	2.270003
1085	2.290003
1086	2.300003
1087	2.280003
1088	2.370003
1089	2.270003
1090	2.280003
1091	2.300003
1092	2.290003
1093	2.270003
1094	2.290003
1095	2.310003
1096	2.280003
1097	2.360003
1098	2.290003
1099	2.290003
1100	2.290003
1101	2.280003
1102	2.330003
1103	2.280003
1104	2.290003
1105	2.350003
1106	2.320003
1107	2.280003
1108	2.280003
1109	2.300003
1110	2.290003
1111	2.290003
1112	2.280003
1113	2.310003
1114	2.350003
1115	2.290003
1116	2.330003
1117	2.370003
1118	2.310003
1119	2.290004
1120	2.280003
1121	2.290003
1122	2.300003
1123	2.370003
1124	2.280003
1125	2.280003
1126	2.300003
1127	2.290003
1128	2.280003
1129	2.280003
1130	2.280003
1131	2.310003
1132	2.350003
1133	2.280003
1134	2.280003
1135	2.310003
1136	2.290003
1137	2.280003
1138	2.280003
1139	2.300003
1140	2.350003
1141	2.290003
1142	2.280003
1143	2.270003
1144	2.310003
1145	2.290003
1146	2.280003
1147	2.310003
1148	2.360003
1149	2.280003
1150	2.300003
1151	2.300003
1152	2.280003
1153	2.320003
1154	2.290003
1155	2.270003
1156	2.320003
1157	2.330003
1158	2.290003
1159	2.280003
1160	2.310003
1161	2.280003
1162	2.270003
1163	2.280003
1164	2.310003
1165	2.360003
1166	2.290003
1167	2.280003
1168	2.270003
1169	2.300003
1170	2.280003
1171	2.290003
1172	2.280003
1173	2.300003
1174	2.350003
1175	2.300003
1176	2.280003
1177	2.300003
1178	2.290003
1179	2.290003
1180	2.290003
1181	2.270003
1182	2.300003
1183	2.350003
1184	2.290003
1185	2.290003
1186	2.310003
1187	2.280003
1188	2.300004
1189	2.270003
1190	2.290003
1191	2.350003
1192	2.300003
1193	2.270003
1194	2.280003
1195	2.300003
1196	2.280003
1197	2.280003
1198	2.270003
1199	2.290003
1200	2.340003
1201	2.290003
1202	2.290003
1203	2.280003
1204	2.310003
1205	2.280003
1206	2.370003
1207	2.280003
1208	2.310003
1209	2.360003
1210	2.290003
1211	2.280003
1212	2.320003
1213	2.270003
1214	2.280003
1215	2.270003
1216	2.270003
1217	2.310003
1218	2.330003
1219	2.280003
1220	2.280003
1221	2.280003
1222	2.280003
1223	2.280003
1224	2.290003
1225	2.280003
1226	2.350003
1227	2.290003
1228	2.300003
1229	2.280003
1230	2.280003
1231	2.290003
1232	2.280003
1233	2.280003
1234	2.280003
1235	2.350003
1236	2.280003
1237	2.280003
1238	2.280003
1239	2.280003
1240	2.290003
1241	2.280003
1242	2.280003
1243	2.280003
1244	2.340003
1245	2.290003
1246	2.380003
1247	2.330003
1248	2.290003
1249	2.290003
1250	2.290003
1251	2.340003
1252	2.290003
1253	2.300003
1254	2.300003
1255	2.280003
1256	2.270003
1257	2.340003
1258	2.290003
1259	2.300003
1260	2.360003
1261	2.280003
1262	2.300003
1263	2.290003
1264	2.280003
1265	2.290003
1266	2.280003
1267	2.300003
1268	2.280003
1269	2.360003
1270	2.270003
1271	2.310003
1272	2.290003
1273	2.280003
1274	2.280003
1275	2.290003
1276	2.280003
1277	2.300003
1278	2.330003
1279	2.290003
1280	2.300003
1281	2.290003
1282	2.280003
1283	2.280003
1284	2.290003
1285	2.290003
1286	2.360003
1287	2.280003
1288	2.290003
1289	2.300003
1290	2.280003
1291	2.290003
1292	2.290003
1293	2.290003
1294	2.300003
1295	2.360003
1296	2.270003
1297	2.280003
1298	2.290003
1299	2.290003
1300	2.280003
1301	2.280003
1302	2.290003
1303	2.310004
1304	2.350003
1305	2.290003
1306	2.280003
1307	2.310004
1308	2.280003
1309	2.280003
1310	2.330003
1311	2.310003
1312	2.320003
1313	2.290003
1314	2.280003
1315	2.290003
1316	2.310003
1317	2.260003
1318	2.300004
1319	2.340003
1320	2.330003
1321	2.360003
1322	2.280003
1323	2.280003
1324	2.290003
1325	2.290003
1326	2.300003
1327	2.280003
1328	2.290003
1329	2.310003
1330	2.350003
1331	2.290003
1332	2.270003
1333	2.310003
1334	2.290003
1335	2.340003
1336	2.370003
1337	2.300003
1338	2.360003
1339	2.290003
1340	2.290003
1341	2.290003
1342	2.290003
1343	2.290003
1344	2.290003
1345	2.280003
1346	2.320003
1347	2.340003
1348	2.290003
1349	2.290003
1350	2.280003
1351	2.290003
1352	2.280003
1353	2.300003
1354	2.300004
1355	2.350003
1356	2.280003
1357	2.290003
1358	2.300003
1359	2.280003
1360	2.280003
1361	2.310003
1362	2.280003
1363	2.350003
1364	2.300003
1365	2.280003
1366	2.290003
1367	2.300004
1368	2.280003
1369	2.280003
1370	2.280003
1371	2.310003
1372	2.340003
1373	2.290003
1374	2.300003
1375	2.400003
1376	2.290003
1377	2.280003
1378	2.290003
1379	2.280003
1380	2.300003
1381	2.370003
1382	2.280003
1383	2.290003
1384	2.300003
1385	2.280003
1386	2.280003
1387	2.280003
1388	2.280003
1389	2.320003
1390	2.330003
1391	2.290003
1392	2.300003
1393	2.300003
1394	2.300003
1395	2.280003
1396	2.280003
1397	2.310003
1398	2.340003
1399	2.310003
1400	2.280003
1401	2.280003
1402	2.300003
1403	2.290003
1404	2.290003
1405	2.290003
1406	2.300003
1407	2.350003
1408	2.290003
1409	2.280003
1410	2.300003
1411	2.290003
1412	2.280003
1413	2.320003
1414	2.310004
1415	2.300003
1416	2.350003
1417	2.290003
1418	2.280003
1419	2.310003
1420	2.280003
1421	2.290003
1422	2.300003
1423	2.300003
1424	2.340003
1425	2.290003
1426	2.310004
1427	2.280003
1428	2.280003
1429	2.390003
1430	2.380003
1431	2.440004
1432	2.400003
1433	2.560004
1434	2.410003
1435	2.320003
1436	2.370003
1437	2.400004
1438	2.420003
1439	2.360003
1440	2.380003
1441	2.420003
1442	2.440003
1443	2.410003
1444	2.390003
1445	2.450004
1446	2.430003
1447	2.410003
1448	2.360003
1449	2.430003
1450	2.470003
1451	2.360003
1452	2.470004
1453	2.540003
1454	2.510004
1455	2.400003
1456	2.330003
1457	2.350003
1458	2.350003
1459	2.330003
1460	2.350003
1461	2.340003
1462	2.370003
1463	2.650004
1464	2.650004
1465	2.820004
1466	2.600004
1467	2.600003
1468	2.560004
1469	2.580004
1470	2.520003
1471	2.510004
1472	2.480004
1473	2.440003
1474	2.370003
1475	2.340003
1476	2.350003
1477	2.400003
1478	2.390003
1479	2.390003
1480	2.380003
1481	2.470004
1482	2.390003
1483	2.330003
1484	2.430003
1485	2.390003
1486	2.380003
1487	2.400004
1488	2.400003
1489	2.550003
1490	2.490004
1491	2.400003
1492	2.430003
1493	2.380003
1494	2.430003
1495	2.440003
1496	2.490003
1497	2.500004
1498	2.490004
1499	2.390003
1500	2.520004
1501	2.440003
1502	2.440003
1503	2.430004
1504	2.450003
1505	2.490003
1506	2.410004
1507	2.340003
1508	2.450003
1509	2.410003
1510	2.370003
1511	2.440003
1512	2.430003
1513	2.450003
1514	2.460003
1515	2.470004
1516	2.390003
1517	2.450003
1518	2.370003
1519	2.420003
1520	2.440003
1521	2.430004
1522	2.430003
1523	2.370003
1524	2.460003
1525	2.420003
1526	2.390003
1527	2.430003
1528	2.420003
1529	2.440004
1530	2.420003
1531	2.470004
1532	2.310003
1533	2.420003
1534	2.470003
1535	2.400003
1536	2.380003
1537	2.380003
1538	2.430003
1539	2.490004
1540	2.460003
1541	2.420004
1542	2.440003
1543	2.430003
1544	2.400003
1545	2.420003
1546	2.440004
1547	2.450003
1548	2.430003
1549	2.430004
1550	2.360003
1551	2.460003
1552	2.430003
1553	2.420004
1554	2.410003
1555	2.420003
1556	2.460003
1557	2.330003
1558	2.410003
1559	2.430003
1560	2.370003
1561	2.570004
1562	2.480004
1563	2.420003
1564	2.370003
1565	2.370003
1566	2.430003
1567	2.480004
1568	2.380003
1569	2.440004
1570	2.430003
1571	2.510004
1572	2.420003
1573	2.420003
1574	2.420003
1575	2.440003
1576	2.400003
1577	2.450003
1578	2.430004
1579	2.520003
1580	2.450003
1581	2.400003
1582	2.440004
1583	2.370003
1584	2.350003
1585	2.540004
1586	2.560004
1587	2.520004
1588	2.450003
1589	2.400003
1590	2.460004
1591	2.390003
1592	2.410003
1593	2.450004
1594	2.480004
1595	2.540003
1596	2.530004
1597	2.540004
1598	2.490004
1599	2.400003
1600	2.460003
1601	2.430004
1602	2.430003
1603	2.480003
1604	2.370003
1605	2.380003
1606	2.460003
1607	2.440004
1608	2.400003
1609	2.460003
1610	2.370003
1611	2.510004
1612	2.370003
1613	2.430003
1614	2.350003
1615	2.450004
1616	2.440003
1617	2.470003
1618	2.460003
1619	2.400003
1620	2.510004
1621	2.430003
1622	2.490004
1623	2.480003
1624	2.410003
1625	2.380003
1626	2.370003
1627	2.430003
1628	2.460003
1629	2.340003
1630	2.390003
1631	2.350003
1632	2.380003
1633	2.440004
1634	2.430003
1635	2.440004
1636	2.550003
1637	2.390003
1638	2.390003
1639	2.400003
1640	2.390003
1641	2.440003
1642	2.460003
1643	2.390003
1644	2.370003
1645	2.460003
1646	2.410003
1647	2.420003
1648	2.460004
1649	2.390003
1650	2.350003
1651	2.460004
1652	2.410003
1653	2.400003
1654	2.380003
1655	2.420003
1656	2.460003
1657	2.360003
1658	2.380003
1659	2.440004
1660	2.460003
1661	2.440003
1662	2.380003
1663	2.390003
1664	2.420003
1665	2.470003
1666	2.420003
1667	2.470003
1668	2.470003
1669	2.430004
1670	2.410003
1671	2.450003
1672	2.420004
1673	2.450003
1674	2.420004
1675	2.390003
1676	2.550004
1677	2.480003
1678	2.410003
1679	2.470004
1680	2.400003
1681	2.400003
1682	2.420004
1683	2.400003
1684	2.390003
1685	2.560004
1686	2.420003
1687	2.450003
1688	2.450004
1689	2.450003
1690	2.440003
1691	2.390003
1692	2.390003
1693	2.460003
1694	2.460003
1695	2.360003
1696	2.460004
1697	2.390003
1698	2.470004
1699	2.430003
1700	2.370003
1701	2.490004
1702	2.370003
1703	2.460004
1704	2.430003
1705	2.360004
1706	2.450003
1707	2.480004
1708	2.410003
1709	2.480004
1710	2.540004
1711	2.430004
1712	2.400003
1713	2.400003
1714	2.410003
1715	2.350003
1716	2.470003
1717	2.480004
1718	2.420003
1719	2.360003
1720	2.390003
1721	2.460004
1722	2.390003
1723	2.390003
1724	2.340003
1725	2.460003
1726	2.440004
1727	2.420003
1728	2.410003
1729	2.470004
1730	2.370003
1731	2.420003
1732	2.370003
1733	2.400003
1734	2.400003
1735	2.420003
1736	2.430003
1737	2.390003
1738	2.380003
1739	2.450003
1740	2.390003
1741	2.430003
1742	2.460003
1743	2.440004
1744	2.370003
1745	2.520004
1746	2.460003
1747	2.420003
1748	2.420004
1749	2.440003
1750	2.530004
1751	2.440003
1752	2.390003
1753	2.370003
1754	2.420003
1755	2.410003
1756	2.340003
1757	2.420003
1758	2.430003
1759	2.550004
1760	2.430003
1761	2.400003
1762	2.470003
1763	2.400003
1764	2.450003
1765	2.410003
1766	2.430003
1767	2.490003
1768	2.430003
1769	2.360003
1770	2.410003
1771	2.400003
1772	2.350003
1773	2.440003
1774	2.430004
1775	2.430003
1776	2.400003
1777	2.480004
1778	2.440003
1779	2.420003
1780	2.420004
1781	2.380003
1782	2.440003
1783	2.450003
1784	2.400003
1785	2.380003
1786	2.400003
1787	2.420003
1788	2.460003
1789	2.380003
1790	2.480003
1791	2.480004
1792	2.400003
1793	2.430004
1794	2.450003
1795	2.390003
1796	2.420003
1797	2.440004
1798	2.420003
1799	2.430003
1800	2.440003
1801	2.430003
1802	2.440003
1803	2.440004
1804	2.350003
1805	2.400003
1806	2.440004
1807	2.430003
1808	2.540003
1809	2.380003
1810	2.420003
1811	2.380004
1812	2.410003
1813	2.360003
1814	2.390003
1815	2.470004
1816	2.470003
1817	2.430003
1818	2.470004
1819	2.450003
1820	2.380003
1821	2.410003
1822	2.440003
1823	2.410003
1824	2.470004
1825	2.430003
1826	2.430003
1827	2.400003
1828	2.380003
1829	2.420003
1830	2.470003
1831	2.460003
1832	2.500004
1833	2.440004
1834	2.420003
1835	2.400003
1836	2.410003
1837	2.420003
1838	2.450003
1839	2.420003
1840	2.430003
1841	2.390003
1842	2.420003
1843	2.410004
1844	2.340003
1845	2.420003
1846	2.430003
1847	2.400003
1848	2.410003
1849	2.490004
1850	2.390003
1851	2.440004
1852	2.450003
1853	2.420003
1854	2.400003
1855	2.430003
1856	2.440003
1857	2.550004
1858	2.420003
1859	2.440003
1860	2.420004
1861	2.420003
1862	2.430003
1863	2.380003
1864	2.460004
1865	2.510004
1866	2.450003
1867	2.370003
1868	2.500004
1869	2.460003
1870	2.440004
1871	2.420003
1872	2.410003
1873	2.420004
1874	2.440003
1875	2.420003
1876	2.420003
1877	2.450003
1878	2.430003
1879	2.380003
1880	2.420003
1881	2.420003
1882	2.420004
1883	2.440003
1884	2.370003
1885	2.370003
1886	2.390004
1887	2.430003
1888	2.430003
1889	2.450003
1890	2.460004
1891	2.440003
1892	2.370003
1893	2.420003
1894	2.450004
1895	2.460003
1896	2.470004
1897	2.430003
1898	2.430003
1899	2.440003
1900	2.420003
1901	2.440003
1902	2.370003
1903	2.470004
1904	2.430003
1905	2.470003
1906	2.440003
1907	2.430003
1908	2.460003
1909	2.400003
1910	2.470003
1911	2.390003
1912	2.430003
1913	2.510004
1914	2.380003
1915	2.340003
1916	2.440003
1917	2.430003
1918	2.380003
1919	2.430003
1920	2.390003
1921	2.380003
1922	2.480004
1923	2.420003
1924	2.410003
1925	2.430004
1926	2.440003
1927	2.380003
1928	2.370003
1929	2.490004
1930	2.410003
1931	2.410003
1932	2.480003
1933	2.410003
1934	2.360003
1935	2.380003
1936	2.430004
1937	2.440003
1938	2.390003
1939	2.360003
1940	2.420003
1941	2.420003
1942	2.410003
1943	2.410003
1944	2.430003
1945	2.390003
1946	2.460003
1947	2.460004
1948	2.450003
1949	2.420003
1950	2.370003
1951	2.390003
1952	2.460004
1953	2.460003
1954	2.460003
1955	2.540004
1956	2.330003
1957	2.460003
1958	2.410003
1959	2.450003
1960	2.410003
1961	2.430003
1962	2.370003
1963	2.550004
1964	2.420003
1965	2.430004
1966	2.380003
1967	2.370003
1968	2.440004
1969	2.350003
1970	2.360003
1971	2.410003
1972	2.420003
1973	2.380003
1974	2.400003
1975	2.460003
1976	2.400003
1977	2.350003
1978	2.440003
1979	2.470003
1980	2.430003
1981	2.350003
1982	2.410003
1983	2.390003
1984	2.400003
1985	2.430003
1986	2.430003
1987	2.530004
1988	2.420003
1989	2.500003
1990	2.530004
1991	2.450004
1992	2.390003
1993	2.460003
1994	2.470004
1995	2.460003
1996	2.470003
1997	2.460004
1998	2.420003
1999	2.410004
2000	2.420003
2001	2.430003
2002	2.370003
2003	2.390003
2004	2.380003
2005	2.430003
2006	2.440003
2007	2.390003
2008	2.450003
2009	2.450003
2010	2.370003
2011	2.420003
2012	2.410003
2013	2.410003
2014	2.370003
2015	2.490004
2016	2.430003
2017	2.450004
2018	2.420003
2019	2.410003
2020	2.410003
2021	2.410003
2022	2.410003
2023	2.450003
2024	2.390004
2025	2.410003
2026	2.460003
2027	2.440004
2028	2.440003
2029	2.450003
2030	2.430003
2031	2.420004
2032	2.420003
2033	2.330003
2034	2.470003
2035	2.470003
2036	2.460004
2037	2.380003
2038	2.410003
2039	2.430003
2040	2.440003
2041	2.450003
2042	2.420004
2043	2.430003
2044	2.450003
2045	2.410003
2046	2.360003
2047	2.430003
2048	2.430003
2049	2.450003
2050	2.410003
2051	2.400003
2052	2.440003
2053	2.460004
2054	2.380003
2055	2.470003
2056	2.410004
2057	2.440003
2058	2.490004
2059	2.450003
2060	2.480004
2061	2.450003
2062	2.390003
2063	2.370003
2064	2.420003
2065	2.340003
2066	2.380004
2067	2.360003
2068	2.490003
2069	2.400004
2070	2.490004
2071	2.440003
2072	2.400003
2073	2.430003
2074	2.470003
2075	2.450004
2076	2.490003
2077	2.500004
2078	2.440003
2079	2.460004
2080	2.410003
2081	2.460003
2082	2.350003
2083	2.400003
2084	2.400003
2085	2.490003
2086	2.430004
2087	2.380003
2088	2.400003
2089	2.430003
2090	2.380003
2091	2.330003
2092	2.460004
2093	2.520003
2094	2.420004
2095	2.430003
2096	2.390003
2097	2.360003
2098	2.380003
2099	2.440003
2100	2.460003
2101	2.380004
2102	2.500003
2103	2.430003
2104	2.460004
2105	2.480003
2106	2.370003
2107	2.420003
2108	2.400003
2109	2.450003
2110	2.450004
2111	2.400003
2112	2.410003
2113	2.590004
2114	2.410003
2115	2.420003
2116	2.400003
2117	2.430004
2118	2.400003
2119	2.470004
2120	2.460003
2121	2.480003
2122	2.360003
2123	2.470003
2124	2.430003
2125	2.450004
2126	2.530003
2127	2.450004
2128	2.410003
2129	2.460003
2130	2.400003
2131	2.400003
2132	2.340003
2133	2.430003
2134	2.410003
2135	2.410003
2136	2.360003
2137	2.430003
2138	2.370003
2139	2.470003
2140	2.400004
2141	2.470003
2142	2.420003
2143	2.430003
2144	2.400004
2145	2.470003
2146	2.380003
2147	2.410004
2148	2.440003
2149	2.410003
2150	2.410003
2151	2.460003
2152	2.390003
2153	2.370003
2154	2.400003
2155	2.470003
2156	2.440003
2157	2.340003
2158	2.400003
2159	2.470003
2160	2.390003
2161	2.430003
2162	2.410004
2163	2.390003
2164	2.430003
2165	2.370003
2166	2.410003
2167	2.440003
2168	2.390003
2169	2.420003
2170	2.460003
2171	2.350003
2172	2.430003
2173	2.440004
2174	2.440003
2175	2.470003
2176	2.440003
2177	2.360003
2178	2.430003
2179	2.400003
2180	2.470003
2181	2.420003
2182	2.420004
2183	2.440003
2184	2.490004
2185	2.410003
2186	2.310003
2187	2.280003
2188	2.290003
2189	2.290003
2190	2.270003
2191	2.350003
2192	2.290003
2193	2.300003
2194	2.280003
2195	2.290003
2196	2.280003
2197	2.280003
2198	2.360003
2199	2.290003
2200	2.360003
2201	2.280003
2202	2.300003
2203	2.290003
2204	2.310003
2205	2.280003
2206	2.290003
2207	2.300003
2208	2.290003
2209	2.350003
2210	2.280003
2211	2.280003
2212	2.300003
2213	2.280003
2214	2.280003
2215	2.280003
2216	2.290003
2217	2.350003
2218	2.290003
2219	2.290003
2220	2.280003
2221	2.310003
2222	2.290003
2223	2.290003
2224	2.290003
2225	2.300004
2226	2.350003
2227	2.280004
2228	2.290003
2229	2.280003
2230	2.300003
2231	2.280003
2232	2.280003
2233	2.290003
2234	2.300003
2235	2.350003
2236	2.290003
2237	2.290003
2238	2.440003
2239	2.290003
2240	2.280003
2241	2.270003
2242	2.280003
2243	2.350003
2244	2.310004
2245	2.280003
2246	2.280003
2247	2.300003
2248	2.280003
2249	2.280003
2250	2.280003
2251	2.300004
2252	2.350003
2253	2.280003
2254	2.280003
2255	2.290003
2256	2.300003
2257	2.310003
2258	2.280003
2259	2.290003
2260	2.300004
2261	2.340003
2262	2.280003
2263	2.280003
2264	2.310003
2265	2.270003
2266	2.290003
2267	2.280003
2268	2.280003
2269	2.290003
2270	2.350003
2271	2.290003
2272	2.280003
2273	2.310003
2274	2.280004
2275	2.270003
2276	2.290003
2277	2.300003
2278	2.350003
2279	2.290003
2280	2.280003
2281	2.280003
2282	2.300003
2283	2.280003
2284	2.290003
2285	2.280003
2286	2.290003
2287	2.360003
2288	2.270003
2289	2.310003
2290	2.270003
2291	2.290003
2292	2.300003
2293	2.280003
2294	2.310003
2295	2.360003
2296	2.290003
2297	2.280003
2298	2.320003
2299	2.280003
2300	2.280003
2301	2.280003
2302	2.290003
2303	2.330003
2304	2.330003
2305	2.270003
2306	2.290003
2307	2.300003
2308	2.330003
2309	2.280003
2310	2.270003
2311	2.300003
2312	2.360003
2313	2.290003
2314	2.290003
2315	2.280003
2316	2.290003
2317	2.280003
2318	2.280003
2319	2.270003
2320	2.300004
2321	2.360003
2322	2.290003
2323	2.280003
2324	2.310003
2325	2.300003
2326	2.280004
2327	2.280003
2328	2.340003
2329	2.330003
2330	2.320003
2331	2.300003
2332	2.290003
2333	2.370003
2334	2.340003
2335	2.270003
2336	2.290003
2337	2.290003
2338	2.350003
2339	2.280003
2340	2.290003
2341	2.280003
2342	2.300003
2343	2.290003
2344	2.300003
2345	2.280003
2346	2.310003
2347	2.370003
2348	2.290004
2349	2.280003
2350	2.290003
2351	2.300003
2352	2.290003
2353	2.280003
2354	2.280003
2355	2.300003
2356	2.340003
2357	2.290003
2358	2.290003
2359	2.290003
2360	2.290003
2361	2.300003
2362	2.280003
2363	2.290003
2364	2.360003
2365	2.280003
2366	2.290003
2367	2.330003
2368	2.380003
2369	2.270003
2370	2.290003
2371	2.280003
2372	2.280003
2373	2.370003
2374	2.280003
2375	2.300003
2376	2.280003
2377	2.280004
2378	2.280003
2379	2.270003
2380	2.290003
2381	2.290003
2382	2.350003
2383	2.290004
2384	2.280003
2385	2.270003
2386	2.280003
2387	2.290003
2388	2.290003
2389	2.280003
2390	2.310003
2391	2.320003
2392	2.290003
2393	2.290003
2394	2.280003
2395	2.280003
2396	2.290003
2397	2.300003
2398	2.350003
2399	2.290003
2400	2.300003
2401	2.300003
2402	2.280004
2403	2.280003
2404	2.290003
2405	2.280003
2406	2.300003
2407	2.360003
2408	2.280003
2409	2.280003
2410	2.300003
2411	2.280003
2412	2.310003
2413	2.290003
2414	2.290003
2415	2.340003
2416	2.330003
2417	2.290003
2418	2.280003
2419	2.310003
2420	2.280003
2421	2.280003
2422	2.290003
2423	2.290003
2424	2.350003
2425	2.290003
2426	2.330003
2427	2.290003
2428	2.290003
2429	2.280003
2430	2.290003
2431	2.280003
2432	2.300004
2433	2.360003
2434	2.280003
2435	2.280003
2436	2.300003
2437	2.280003
2438	2.280003
2439	2.290003
2440	2.270003
2441	2.300003
2442	2.340003
2443	2.280003
2444	2.300003
2445	2.300003
2446	2.290003
2447	2.270003
2448	2.290003
2449	2.290003
2450	2.330003
2451	2.310004
2452	2.280003
2453	2.290003
2454	2.300003
2455	2.290003
2456	2.290003
2457	2.290003
2458	2.340003
2459	2.360003
2460	2.290003
2461	2.280003
2462	2.300003
2463	2.290003
2464	2.340003
2465	2.340003
2466	2.280003
2467	2.320003
2468	2.330003
2469	2.290003
2470	2.280003
2471	2.290003
2472	2.290003
2473	2.280003
2474	2.280003
2475	2.310003
2476	2.350003
2477	2.300003
2478	2.280003
2479	2.280003
2480	2.310003
2481	2.270003
2482	2.280003
2483	2.290003
2484	2.300003
2485	2.350003
2486	2.290003
2487	2.280003
2488	2.280003
2489	2.290003
2490	2.300004
2491	2.280003
2492	2.290003
2493	2.320003
2494	2.350003
2495	2.290003
2496	2.300003
2497	2.290003
2498	2.280003
2499	2.270003
2500	2.290003
2501	2.360003
2502	2.290003
2503	2.280003
2504	2.280003
2505	2.320003
2506	2.280003
2507	2.290003
2508	2.300003
2509	2.300003
2510	2.360003
2511	2.280003
2512	2.280003
2513	2.300004
2514	2.300003
2515	2.270003
2516	2.320003
2517	2.280004
2518	2.310003
2519	2.390003
2520	2.280003
2521	2.280003
2522	2.310003
2523	2.280003
2524	2.280003
2525	2.290003
2526	2.290003
2527	2.310004
2528	2.330003
2529	2.280003
2530	2.280003
2531	2.310003
2532	2.280003
2533	2.290003
2534	2.270003
2535	2.300004
2536	2.350003
2537	2.280003
2538	2.300004
2539	2.280003
2540	2.300003
2541	2.290003
2542	2.300004
2543	2.280003
2544	2.300003
2545	2.350003
2546	2.280003
2547	2.290003
2548	2.300003
2549	2.310003
2550	2.280003
2551	2.290003
2552	2.280003
2553	2.300003
2554	2.350003
2555	2.280003
2556	2.290003
2557	2.320003
2558	2.270003
2559	2.280003
2560	2.280003
2561	2.290003
2562	2.350003
2563	2.290003
2564	2.320003
2565	2.280003
2566	2.300003
2567	2.280003
2568	2.320004
2569	2.290003
2570	2.280003
2571	2.360003
2572	2.290003
2573	2.280003
2574	2.290003
2575	2.280003
2576	2.290003
2577	2.290003
2578	2.270003
2579	2.270003
2580	2.350003
2581	2.290003
2582	2.280004
2583	2.300003
2584	2.280003
2585	2.280003
2586	2.290003
2587	2.330003
2588	2.320003
2589	2.320004
2590	2.290003
2591	2.280003
2592	2.270003
2593	2.350003
2594	2.330003
2595	2.290003
2596	2.280003
2597	2.340003
2598	2.290003
2599	2.280003
2600	2.310003
2601	2.290003
2602	2.280003
2603	2.290003
2604	2.280003
2605	2.400003
2606	2.270003
2607	2.290003
2608	2.290003
2609	2.300003
2610	2.290003
2611	2.280003
2612	2.280003
2613	2.300003
2614	2.360003
2615	2.280003
2616	2.290003
2617	2.300003
2618	2.280003
2619	2.290003
2620	2.320003
2621	2.290003
2622	2.350003
2623	2.300003
2624	2.310003
2625	2.330003
2626	2.380003
2627	2.290003
2628	2.290003
2629	2.300003
2630	2.290003
2631	2.350003
2632	2.300003
2633	2.280003
2634	2.280003
2635	2.280003
2636	2.280003
2637	2.300003
2638	2.290003
2639	2.280003
2640	2.340003
2641	2.290003
2642	2.300003
2643	2.290003
2644	2.300003
2645	2.280003
2646	2.310003
2647	2.280003
2648	2.350003
2649	2.310003
2650	2.300003
2651	2.280003
2652	2.280003
2653	2.310003
2654	2.270003
2655	2.310003
2656	2.280003
2657	2.350003
2658	2.290003
2659	2.290003
2660	2.300003
2661	2.280003
2662	2.290003
2663	2.290003
2664	2.300003
2665	2.280004
2666	2.350003
2667	2.280003
2668	2.290003
2669	2.310003
2670	2.280003
2671	2.280003
2672	2.320003
2673	2.310003
2674	2.340003
2675	2.310003
2676	2.280003
2677	2.280003
2678	2.290003
2679	2.280003
2680	2.290003
2681	2.270003
2682	2.310004
2683	2.340003
2684	2.280003
2685	2.290003
2686	2.280003
2687	2.300003
2688	2.280003
2689	2.280003
2690	2.290003
2691	2.310003
2692	2.360003
2693	2.290003
2694	2.280004
2695	2.300003
2696	2.280003
2697	2.290003
2698	2.290003
2699	2.290003
2700	2.310003
2701	2.330003
2702	2.290003
2703	2.280003
2704	2.300003
2705	2.300003
2706	2.280003
2707	2.300003
2708	2.360003
2709	2.290003
2710	2.280003
2711	2.280003
2712	2.310003
2713	2.280003
2714	2.290003
2715	2.270003
2716	2.350003
2717	2.370003
2718	2.280003
2719	2.280003
2720	2.330003
2721	2.290003
2722	2.280003
2723	2.290003
2724	2.320003
2725	2.310003
2726	2.330003
2727	2.290003
2728	2.280003
2729	2.280003
2730	2.280003
2731	2.290003
2732	2.290003
2733	2.280004
2734	2.320003
2735	2.300003
2736	2.290003
2737	2.270003
2738	2.290003
2739	2.290003
2740	2.270003
2741	2.280003
2742	2.310003
2743	2.360003
2744	2.280003
2745	2.280003
2746	2.290003
2747	2.280003
2748	2.290003
2749	2.280004
2750	2.290003
2751	2.310003
2752	2.350003
2753	2.280003
2754	2.280003
2755	2.410003
2756	2.320003
2757	2.270003
2758	2.290003
2759	2.280003
2760	2.350003
2761	2.300003
2762	2.270003
2763	2.280003
2764	2.310003
2765	2.290003
2766	2.290003
2767	2.280003
2768	2.290003
2769	2.350003
2770	2.290003
2771	2.270003
2772	2.290003
2773	2.300003
2774	2.270003
2775	2.290003
2776	2.320003
2777	2.310003
2778	2.340003
2779	2.290003
2780	2.300003
2781	2.280003
2782	2.290003
2783	2.290003
2784	2.290003
2785	2.270003
2786	2.310004
2787	2.320003
2788	2.280003
2789	2.290003
2790	2.280003
2791	2.280003
2792	2.280003
2793	2.280003
2794	2.310003
2795	2.350003
2796	2.280003
2797	2.300003
2798	2.290003
2799	2.280003
2800	2.280003
2801	2.300003
2802	2.290003
2803	2.290003
2804	2.360003
2805	2.280003
2806	2.300003
2807	2.280003
2808	2.280003
2809	2.300003
2810	2.280003
2811	2.300003
2812	2.330003
2813	2.290003
2814	2.300003
2815	2.290003
2816	2.270003
2817	2.300004
2818	2.300003
2819	2.290003
2820	2.340003
2821	2.280003
2822	2.280003
2823	2.300003
2824	2.270003
2825	2.270003
2826	2.280003
2827	2.320003
2828	2.300003
2829	2.360003
2830	2.280004
2831	2.290003
2832	2.300003
2833	2.280003
2834	2.280003
2835	2.290003
2836	2.290004
2837	2.300003
2838	2.350003
2839	2.280004
2840	2.280003
2841	2.310003
2842	2.310003
2843	2.290003
2844	2.290003
2845	2.350003
2846	2.320003
2847	2.340003
2848	2.280003
2849	2.280003
2850	2.300004
2851	2.280003
2852	2.340003
2853	2.340003
2854	2.300003
2855	2.360003
2856	2.280003
2857	2.280003
2858	2.290003
2859	2.300004
2860	2.280003
2861	2.290003
2862	2.280003
2863	2.310003
2864	2.350003
2865	2.290003
2866	2.290004
2867	2.300003
2868	2.290003
2869	2.280003
2870	2.280003
2871	2.280003
2872	2.350003
2873	2.290003
2874	2.300003
2875	2.280003
2876	2.310003
2877	2.280003
2878	2.280003
2879	2.280003
2880	2.340003
2881	2.360003
2882	2.280003
2883	2.290003
2884	2.320004
2885	2.410003
2886	2.300003
2887	2.280003
2888	2.280003
2889	2.300003
2890	2.360003
2891	2.280003
2892	2.280003
2893	2.310003
2894	2.290003
2895	2.290003
2896	2.300004
2897	2.280003
2898	2.330003
2899	2.330003
2900	2.290003
2901	2.290003
2902	2.300003
2903	2.280003
2904	2.280003
2905	2.270003
2906	2.320003
2907	2.340003
2908	2.290003
2909	2.280003
2910	2.290003
2911	2.300003
2912	2.290003
2913	2.280003
2914	2.300003
2915	2.370003
2916	2.280003
2917	2.300003
2918	2.300003
2919	2.290003
2920	2.270003
2921	2.280003
2922	2.290003
2923	2.320003
2924	2.320003
2925	2.290003
2926	2.290003
2927	2.300003
2928	2.290003
2929	2.280003
2930	2.270003
2931	2.360003
2932	2.370003
2933	2.280003
2934	2.280003
2935	2.290003
2936	2.300003
2937	2.280004
2938	2.280003
2939	2.280003
2940	2.310003
2941	2.350003
2942	2.280003
2943	2.290003
2944	2.300003
2945	2.280003
2946	2.280003
2947	2.290003
2948	2.280003
2949	2.310003
2950	2.330003
2951	2.290003
2952	2.270003
2953	2.290003
2954	2.280003
2955	2.290003
2956	2.280003
2957	2.300004
2958	2.340003
2959	2.300003
2960	2.290003
2961	2.370003
2962	2.480004
2963	2.370003
2964	2.290003
2965	2.270003
2966	2.310003
2967	2.350003
2968	2.280003
2969	2.290003
2970	2.300004
2971	2.280003
2972	2.290003
2973	2.280003
2974	2.280003
2975	2.390003
2976	2.330003
2977	2.280003
2978	2.280003
2979	2.300003
2980	2.280003
2981	2.280003
2982	2.290003
2983	2.300003
2984	2.390003
2985	2.280003
2986	2.280003
2987	2.280003
2988	2.320003
2989	2.290003
2990	2.320003
2991	2.280003
2992	2.310003
2993	2.370003
2994	2.300003
2995	2.290003
2996	2.300003
2997	2.280003
2998	2.290003
2999	2.280003
3000	2.270003
3001	2.310003
3002	2.360003
3003	2.300003
3004	2.270003
3005	2.300003
3006	2.300003
3007	2.270003
3008	2.290003
3009	2.290003
3010	2.320004
3011	2.320003
3012	2.290003
3013	2.280003
3014	2.430003
3015	2.280003
3016	2.290003
3017	2.310003
3018	2.370003
3019	2.280003
3020	2.280003
3021	2.300003
3022	2.280003
3023	2.290003
3024	2.260003
3025	2.300003
3026	2.300003
3027	2.350003
3028	2.280003
3029	2.270003
3030	2.310003
3031	2.290003
3032	2.280003
3033	2.300003
3034	2.280003
3035	2.380003
3036	2.310003
3037	2.280003
3038	2.280003
3039	2.320003
3040	2.280003
3041	2.290003
3042	2.280003
3043	2.290003
3044	2.350003
3045	2.280003
3046	2.280003
3047	2.290004
3048	2.300003
3049	2.290003
3050	2.290003
3051	2.280003
3052	2.310003
3053	2.360003
3054	2.280003
3055	2.280003
3056	2.300003
3057	2.270003
3058	2.290003
3059	2.290003
3060	2.280003
3061	2.320003
3062	2.330003
3063	2.280003
3064	2.290003
3065	2.300003
3066	2.270003
3067	2.280003
3068	2.290003
3069	2.300003
3070	2.350003
3071	2.290003
3072	2.280003
3073	2.290003
3074	2.290003
3075	2.300003
3076	2.290003
3077	2.280003
3078	2.300003
3079	2.350003
3080	2.290003
3081	2.290003
3082	2.300004
3083	2.290003
3084	2.280003
3085	2.290003
3086	2.280003
3087	2.340003
3088	2.360003
3089	2.280003
3090	2.280003
3091	2.300003
3092	2.280003
3093	2.290003
3094	2.280003
3095	2.300004
3096	2.350003
3097	2.290003
3098	2.270003
3099	2.280003
3100	2.300004
3101	2.290003
3102	2.280003
3103	2.280003
3104	2.360003
3105	2.360003
3106	2.280003
3107	2.290003
3108	2.290003
3109	2.290003
3110	2.280003
3111	2.280003
3112	2.360003
3113	2.340003
3114	2.350003
3115	2.280004
3116	2.280003
3117	2.310003
3118	2.300003
3119	2.280003
3120	2.290003
3121	2.360003
3122	2.290003
3123	2.280003
3124	2.280003
3125	2.300003
3126	2.290003
3127	2.270003
3128	2.300003
3129	2.320003
3130	2.340003
3131	2.290003
3132	2.280003
3133	2.280003
3134	2.300003
3135	2.280004
3136	2.280003
3137	2.280003
3138	2.290003
3139	2.410003
3140	2.290003
3141	2.280003
3142	2.360003
3143	2.360003
3144	2.290003
3145	2.280003
3146	2.280003
3147	2.310003
3148	2.320003
3149	2.280003
3150	2.280003
3151	2.280003
3152	2.290003
3153	2.280003
3154	2.290003
3155	2.290003
3156	2.340003
3157	2.300004
3158	2.280003
3159	2.290003
3160	2.320003
3161	2.290003
3162	2.280003
3163	2.310003
3164	2.290003
3165	2.370003
3166	2.290003
3167	2.270003
3168	2.280003
3169	2.290003
3170	2.280003
3171	2.280003
3172	2.290003
3173	2.290003
3174	2.380003
3175	2.280003
3176	2.290003
3177	2.280003
3178	2.300003
3179	2.280003
3180	2.280003
3181	2.290003
3182	2.330003
3183	2.310004
3184	2.280003
3185	2.280003
3186	2.280003
3187	2.300003
3188	2.280003
3189	2.280003
3190	2.280003
3191	2.380003
3192	2.320004
3193	2.280003
3194	2.290003
3195	2.280003
3196	2.290003
3197	2.290003
3198	2.290003
3199	2.290003
3200	2.360003
3201	2.300003
3202	2.300003
3203	2.280003
3204	2.290003
3205	2.300003
3206	2.450003
3207	2.370003
3208	2.400003
3209	2.370003
3210	2.360003
3211	2.330003
3212	2.330003
3213	2.320003
3214	2.330003
3215	2.360003
3216	2.350003
3217	2.440004
3218	2.350003
3219	2.440004
3220	2.450003
3221	2.320004
3222	2.280003
3223	2.300003
3224	2.290003
3225	2.290003
3226	2.280003
3227	2.310003
3228	2.270003
3229	2.290003
3230	2.280003
3231	2.290003
3232	2.370003
3233	2.470004
3234	2.440003
3235	2.310003
3236	2.310004
3237	2.280003
3238	2.280003
3239	2.270003
3240	2.280003
3241	2.310003
3242	2.390003
3243	2.280003
3244	2.280003
3245	2.300003
3246	2.280003
3247	2.270003
3248	2.280003
3249	2.320003
3250	2.350003
3251	2.290003
3252	2.280003
3253	2.300003
3254	2.290003
3255	2.290003
3256	2.280003
3257	2.300003
3258	2.300003
3259	2.350003
3260	2.300003
3261	2.280003
3262	2.310003
3263	2.280003
3264	2.280003
3265	2.290003
3266	2.310003
3267	2.310004
3268	2.360003
3269	2.290003
3270	2.270003
3271	2.410003
3272	2.320004
3273	2.270003
3274	2.290003
3275	2.310003
3276	2.320004
3277	2.310003
3278	2.290003
3279	2.320003
3280	2.310004
3281	2.270003
3282	2.280003
3283	2.280003
3284	2.310004
3285	2.350003
3286	2.290003
3287	2.270003
3288	2.300003
3289	2.290003
3290	2.280003
3291	2.280003
3292	2.280003
3293	2.300003
3294	2.340003
3295	2.320003
3296	2.280004
3297	2.300003
3298	2.290003
3299	2.300003
3300	2.290003
3301	2.300003
3302	2.340003
3303	2.300003
3304	2.290004
3305	2.300003
3306	2.310003
3307	2.280003
3308	2.300003
3309	2.280003
3310	2.300003
3311	2.350003
3312	2.280003
3313	2.290003
3314	2.280003
3315	2.290003
3316	2.280003
3317	2.290003
3318	2.290003
3319	2.300004
3320	2.350003
3321	2.290003
3322	2.290003
3323	2.300003
3324	2.280003
3325	2.270003
3326	2.280003
3327	2.300003
3328	2.310003
3329	2.300003
3330	2.270003
3331	2.290003
3332	2.280003
3333	2.320003
3334	2.270003
3335	2.280003
3336	2.330003
3337	2.320003
3338	2.280003
3339	2.300003
3340	2.270003
3341	2.280003
3342	2.310003
3343	2.280003
3344	2.290003
3345	2.350003
3346	2.310003
3347	2.290003
3348	2.280003
3349	2.280003
3350	2.310003
3351	2.320004
3352	2.450003
3353	2.440004
3354	2.470003
3355	2.330003
3356	2.300003
3357	2.290003
3358	2.280003
3359	2.280003
3360	2.310003
3361	2.270003
3362	2.410003
3363	2.280003
3364	2.280003
3365	2.300003
3366	2.280003
3367	2.280003
3368	2.280003
3369	2.310004
3370	2.300003
3371	2.450003
3372	2.280003
3373	2.260003
3374	2.320003
3375	2.280004
3376	2.290003
3377	2.280003
3378	2.300003
3379	2.310003
3380	2.330003
3381	2.290003
3382	2.280003
3383	2.310003
3384	2.280003
3385	2.280003
3386	2.280003
3387	2.310004
3388	2.350003
3389	2.300003
3390	2.280003
3391	2.280003
3392	2.300003
3393	2.280003
3394	2.280003
3395	2.300003
3396	2.300003
3397	2.360003
3398	2.310003
3399	2.280003
3400	2.350003
3401	2.380003
3402	2.290003
3403	2.290003
3404	2.270003
3405	2.290003
3406	2.360003
3407	2.280003
3408	2.290003
3409	2.300003
3410	2.270003
3411	2.290003
3412	2.300003
3413	2.300004
3414	2.340003
3415	2.290003
3416	2.280003
3417	2.280003
3418	2.300003
3419	2.280003
3420	2.270003
3421	2.300003
3422	2.310003
3423	2.350003
3424	2.280003
3425	2.280003
3426	2.290003
3427	2.290003
3428	2.290003
3429	2.280003
3430	2.280003
3431	2.290003
3432	2.360003
3433	2.300003
3434	2.290003
3435	2.290003
3436	2.280003
3437	2.280003
3438	2.280003
3439	2.320003
3440	2.340003
3441	2.290003
3442	2.280003
3443	2.310003
3444	2.280003
3445	2.270003
3446	2.280003
3447	2.310003
3448	2.380003
3449	2.280003
3450	2.320004
3451	2.280003
3452	2.300003
3453	2.280003
3454	2.280003
3455	2.280003
3456	2.310003
3457	2.350003
3458	2.280003
3459	2.290003
3460	2.300003
3461	2.270003
3462	2.290003
3463	2.280003
3464	2.270003
3465	2.310003
3466	2.350003
3467	2.280003
3468	2.290003
3469	2.300003
3470	2.280003
3471	2.280003
3472	2.280003
3473	2.300003
3474	2.330003
3475	2.300003
3476	2.280003
3477	2.280003
3478	2.310003
3479	2.290003
3480	2.280003
3481	2.280003
3482	2.310003
3483	2.360003
3484	2.280003
3485	2.280003
3486	2.280003
3487	2.300003
3488	2.280003
3489	2.270003
3490	2.280003
3491	2.360003
3492	2.360003
3493	2.290003
3494	2.290003
3495	2.300003
3496	2.280003
3497	2.290003
3498	2.280003
3499	2.290003
3500	2.330003
3501	2.300003
3502	2.310003
3503	2.280004
3504	2.300003
3505	2.300003
3506	2.280003
3507	2.280003
3508	2.280003
3509	2.340003
3510	2.280003
3511	2.280003
3512	2.280003
3513	2.280003
3514	2.290003
3515	2.290003
3516	2.290003
3517	2.290003
3518	2.360003
3519	2.290003
3520	2.280003
3521	2.280003
3522	2.290003
3523	2.280003
3524	2.270003
3525	2.280003
3526	2.300003
3527	2.330003
3528	2.290003
3529	2.310003
3530	2.340003
3531	2.360003
3532	2.290003
3533	2.280003
3534	2.280003
3535	2.340003
3536	2.280003
3537	2.280003
3538	2.290003
3539	2.280003
3540	2.320003
3541	2.310003
3542	2.290003
3543	2.350003
3544	2.270003
3545	2.300003
3546	2.290003
3547	2.280003
3548	2.290003
3549	2.280003
3550	2.320003
3551	2.280003
3552	2.350003
3553	2.290003
3554	2.320004
3555	2.300003
3556	2.280003
3557	2.270003
3558	2.290003
3559	2.320003
3560	2.310003
3561	2.310003
3562	2.290003
3563	2.290003
3564	2.300003
3565	2.280003
3566	2.290003
3567	2.280003
3568	2.310004
3569	2.350003
3570	2.280003
3571	2.290003
3572	2.290004
3573	2.290003
3574	2.290003
3575	2.270003
3576	2.280003
3577	2.300003
3578	2.360003
3579	2.270003
3580	2.290003
3581	2.290003
3582	2.280003
3583	2.280003
3584	2.290003
3585	2.270003
3586	2.310004
3587	2.340003
3588	2.280003
3589	2.310003
3590	2.300003
3591	2.290003
3592	2.290003
3593	2.290003
3594	2.300003
3595	2.370003
3596	2.280003
3597	2.280003
3598	2.280003
3599	2.310003
3600	2.290003
3601	2.280003
3602	2.290003
3603	2.320003
3604	2.350003
3605	2.290003
3606	2.320003
3607	2.300003
3608	2.280003
3609	2.270003
3610	2.280003
3611	2.280003
3612	2.310003
3613	2.340003
3614	2.280003
3615	2.280003
3616	2.310003
3617	2.290003
3618	2.280003
3619	2.290003
3620	2.300003
3621	2.380003
3622	2.320003
3623	2.290003
3624	2.290003
3625	2.300003
3626	2.280003
3627	2.290003
3628	2.280003
3629	2.300003
3630	2.360003
3631	2.330003
3632	2.350003
3633	2.310003
3634	2.270003
3635	2.290003
3636	2.290003
3637	2.290003
3638	2.300003
3639	2.350003
3640	2.290003
3641	2.290003
3642	2.300003
3643	2.280003
3644	2.270003
3645	2.300003
3646	2.360003
3647	2.290003
3648	2.290003
3649	2.290003
3650	2.290003
3651	2.290003
3652	2.270003
3653	2.290003
3654	2.310003
3655	2.350003
3656	2.280003
3657	2.290003
3658	2.340003
3659	2.430003
3660	2.280003
3661	2.280003
3662	2.290003
3663	2.320003
3664	2.360003
3665	2.280003
3666	2.290003
3667	2.310003
3668	2.310004
3669	2.280003
3670	2.280003
3671	2.310003
3672	2.330003
3673	2.320003
3674	2.280003
3675	2.290003
3676	2.300003
3677	2.280003
3678	2.280003
3679	2.280003
3680	2.310003
3681	2.360003
3682	2.280003
3683	2.280003
3684	2.280003
3685	2.300004
3686	2.290003
3687	2.280003
3688	2.280003
3689	2.310003
3690	2.350003
3691	2.280003
3692	2.290003
3693	2.320003
3694	2.280003
3695	2.290003
3696	2.290003
3697	2.290003
3698	2.340003
3699	2.310003
3700	2.280003
3701	2.290003
3702	2.310004
3703	2.290003
3704	2.280003
3705	2.290003
3706	2.290003
3707	2.360003
3708	2.290003
3709	2.280003
3710	2.320004
3711	2.300003
3712	2.280003
3713	2.280003
3714	2.290003
3715	2.280004
3716	2.360003
3717	2.280003
3718	2.290003
3719	2.280003
3720	2.280003
3721	2.280003
3722	2.280003
3723	2.280003
3724	2.300003
3725	2.350003
3726	2.280003
3727	2.280003
3728	2.270003
3729	2.280003
3730	2.280003
3731	2.280003
3732	2.290003
3733	2.350003
3734	2.300003
3735	2.280003
3736	2.280003
3737	2.270003
3738	2.280003
3739	2.300003
3740	2.270003
3741	2.290003
3742	2.360003
3743	2.300003
3744	2.280003
3745	2.290003
3746	2.290003
3747	2.280003
3748	2.280003
3749	2.350003
3750	2.360003
3751	2.280003
3752	2.280003
3753	2.310003
3754	2.290003
3755	2.290003
3756	2.280003
3757	2.280003
3758	2.360003
3759	2.290003
3760	2.280003
3761	2.300003
3762	2.300003
3763	2.300004
3764	2.290003
3765	2.270003
3766	2.290003
3767	2.380003
3768	2.290003
3769	2.280003
3770	2.280003
3771	2.290003
3772	2.300003
3773	2.290004
3774	2.290003
3775	2.270003
3776	2.380003
3777	2.290003
3778	2.290003
3779	2.280003
3780	2.290003
3781	2.310003
3782	2.270003
3783	2.290003
3784	2.320003
3785	2.350003
3786	2.270003
3787	2.280003
3788	2.350003
3789	2.360003
3790	2.300003
3791	2.280003
3792	2.290003
3793	2.350003
3794	2.300003
3795	2.290003
3796	2.280003
3797	2.280003
3798	2.280003
3799	2.290003
3800	2.290003
3801	2.290003
3802	2.360003
3803	2.310004
3804	2.300003
3805	2.280003
3806	2.280003
3807	2.280003
3808	2.290004
3809	2.290003
3810	2.290004
3811	2.340003
3812	2.280003
3813	2.290003
3814	2.330003
3815	2.290003
3816	2.280003
3817	2.300003
3818	2.280003
3819	2.360003
3820	2.280003
3821	2.280003
3822	2.310003
3823	2.280003
3824	2.290003
3825	2.280003
3826	2.280003
3827	2.320003
3828	2.370003
3829	2.270003
3830	2.280003
3831	2.300003
3832	2.280003
3833	2.290003
3834	2.290003
3835	2.280003
3836	2.300003
3837	2.350003
3838	2.280003
3839	2.280003
3840	2.290003
3841	2.280003
3842	2.290003
3843	2.320004
3844	2.320003
3845	2.600003
3846	2.790121
3847	2.301131
3848	2.303132
3849	2.444083
3850	2.711155
3851	2.585148
3852	2.611149
3853	2.534145
3854	2.568147
3855	2.471049
3856	2.300004
3857	2.280003
3858	2.280003
3859	2.290003
3860	2.340003
3861	2.310003
3862	2.290003
3863	2.280003
3864	2.360003
3865	2.270003
3866	2.280003
3867	2.290003
3868	2.300004
3869	2.360003
3870	2.280003
3871	2.290003
3872	2.300003
3873	2.320003
3874	2.300003
3875	2.300003
3876	2.300003
3877	2.330003
3878	2.410003
3879	2.300003
3880	2.290003
3881	2.290003
3882	2.290003
3883	2.280003
3884	2.290003
3885	2.290003
3886	2.350003
3887	2.320003
3888	2.300003
3889	2.400004
3890	2.320003
3891	2.280003
3892	2.290003
3893	2.290003
3894	2.300004
3895	2.360003
3896	2.280003
3897	2.290003
3898	2.290003
3899	2.310003
3900	2.300003
3901	2.290003
3902	2.300003
3903	2.320003
3904	2.370003
3905	2.300003
3906	2.290003
3907	2.310003
3908	2.290003
3909	2.290003
3910	2.280003
3911	2.290003
3912	2.350003
3913	2.320003
3914	2.290003
3915	2.520004
3916	2.877141
3917	2.456042
3918	2.696150
3919	2.647152
3920	2.797160
3921	2.739156
3922	2.803161
3923	2.854163
3924	2.659152
3925	2.568147
3926	2.444140
3927	2.390137
3928	2.512143
3929	2.539145
3930	2.389137
3931	2.531145
3932	2.478142
3933	2.481142
3934	2.471141
3935	2.396137
3936	2.427139
3937	2.346134
3938	2.421138
3939	2.412138
3940	2.600149
3941	2.439139
3942	2.482142
3943	2.414138
3944	2.487142
3945	2.541145
3946	2.509144
3947	2.487142
3948	2.489142
3949	2.453140
3950	2.451140
3951	2.537145
3952	2.498143
3953	2.634151
3954	2.411138
3955	2.544146
3956	2.630150
3957	2.443140
3958	2.406138
3959	2.527144
3960	2.468141
3961	2.384136
3962	2.472141
3963	2.466141
3964	2.449140
3965	2.598149
3966	2.477142
3967	2.524144
3968	2.412138
3969	2.481142
3970	2.483142
3971	2.381136
3972	2.363135
3973	2.419138
3974	2.435139
3975	2.600149
3976	2.462141
3977	2.577147
3978	2.477142
3979	2.358135
3980	2.491143
3981	2.461141
3982	2.444140
3983	2.574147
3984	2.474141
3985	2.659152
3986	2.645151
3987	2.567147
3988	2.400137
3989	2.504143
3990	2.551146
3991	2.474142
3992	2.436139
3993	2.378136
3994	2.366135
3995	2.407137
3996	2.419138
3997	2.500143
3998	2.461141
3999	2.553146
4000	2.427139
4001	2.343134
4002	2.386137
4003	2.488142
4004	2.402138
4005	2.584148
4006	2.404137
4007	2.460053
4008	2.360003
4009	2.300003
4010	2.300003
4011	2.330003
4012	2.290003
4013	2.310003
4014	2.280003
4015	2.320003
4016	2.320004
4017	2.310003
4018	2.290003
4019	2.280003
4020	2.300003
4021	2.280003
4022	2.290003
4023	2.290003
4024	2.310003
4025	2.350003
4026	2.280003
4027	2.280003
4028	2.310003
4029	2.300003
4030	2.290003
4031	2.280003
4032	2.280003
4033	2.310003
4034	2.350003
4035	2.290003
4036	2.280003
4037	2.310003
4038	2.410003
4039	2.290003
4040	2.290003
4041	2.280003
4042	2.330003
4043	2.310003
4044	2.280003
4045	2.280003
4046	2.300003
4047	2.280003
4048	2.270003
4049	2.290003
4050	2.300003
4051	2.360003
4052	2.280003
4053	2.290003
4054	2.290003
4055	2.290003
4056	2.290003
4057	2.290003
4058	2.300003
4059	2.360003
4060	2.290003
4061	2.290003
4062	2.300003
4063	2.290003
4064	2.320004
4065	2.290003
4066	2.280003
4067	2.320004
4068	2.340003
4069	2.280003
4070	2.270003
4071	2.310003
4072	2.280003
4073	2.280003
4074	2.290003
4075	2.300003
4076	2.380003
4077	2.280003
4078	2.290003
4079	2.280003
4080	2.300003
4081	2.280003
4082	2.280003
4083	2.290003
4084	2.270003
4085	2.360003
4086	2.270003
4087	2.290003
4088	2.300003
4089	2.290003
4090	2.280003
4091	2.280004
4092	2.300003
4093	2.300003
4094	2.350003
4095	2.290003
4096	2.280003
4097	2.300003
4098	2.280003
4099	2.280003
4100	2.280004
4101	2.300003
4102	2.360003
4103	2.290003
4104	2.290003
4105	2.280003
4106	2.300003
4107	2.280003
4108	2.280003
4109	2.290003
4110	2.300003
4111	2.380003
4112	2.280003
4113	2.280003
4114	2.300003
4115	2.280003
4116	2.320003
4117	2.280003
4118	2.290003
4119	2.310003
4120	2.340003
4121	2.280003
4122	2.280003
4123	2.310003
4124	2.300004
4125	2.290003
4126	2.270003
4127	2.300003
4128	2.400003
4129	2.350003
4130	2.280003
4131	2.270003
4132	2.300003
4133	2.280003
4134	2.280003
4135	2.280003
4136	2.310003
4137	2.350003
4138	2.290003
4139	2.290003
4140	2.300003
4141	2.420003
4142	2.270003
4143	2.280003
4144	2.290003
4145	2.300003
4146	2.350003
4147	2.290003
4148	2.280003
4149	2.310003
4150	2.280003
4151	2.290003
4152	2.290003
4153	2.290003
4154	2.360003
4155	2.300003
4156	2.280003
4157	2.280003
4158	2.300003
4159	2.280003
4160	2.280003
4161	2.310003
4162	2.350003
4163	2.290003
4164	2.290003
4165	2.280003
4166	2.340003
4167	2.370003
4168	2.320003
4169	2.280003
4170	2.300003
4171	2.360003
4172	2.280003
4173	2.290003
4174	2.300003
4175	2.280003
4176	2.280003
4177	2.280003
4178	2.280003
4179	2.320004
4180	2.330003
4181	2.280004
4182	2.280003
4183	2.290003
4184	2.280003
4185	2.280003
4186	2.280003
4187	2.300003
4188	2.340003
4189	2.300003
4190	2.280003
4191	2.290003
4192	2.290003
4193	2.290003
4194	2.290003
4195	2.290003
4196	2.300003
4197	2.350003
4198	2.290003
4199	2.280003
4200	2.300003
4201	2.290003
4202	2.280003
4203	2.280003
4204	2.300003
4205	2.300003
4206	2.350003
4207	2.280003
4208	2.290003
4209	2.310003
4210	2.280003
4211	2.290003
4212	2.280003
4213	2.320003
4214	2.340003
4215	2.280003
4216	2.290003
4217	2.280003
4218	2.320003
4219	2.290003
4220	2.320003
4221	2.290003
4222	2.300003
4223	2.350003
4224	2.290003
4225	2.290003
4226	2.290003
4227	2.300003
4228	2.280003
4229	2.290003
4230	2.270003
4231	2.310003
4232	2.350003
4233	2.280004
4234	2.280003
4235	2.310003
4236	2.280003
4237	2.270003
4238	2.280003
4239	2.280003
4240	2.330003
4241	2.320003
4242	2.290003
4243	2.290003
4244	2.310003
4245	2.270003
4246	2.290003
4247	2.270003
4248	2.320003
4249	2.360003
4250	2.300003
4251	2.280003
4252	2.290003
4253	2.300003
4254	2.280003
4255	2.280003
4256	2.300003
4257	2.310003
4258	2.460003
4259	2.290003
4260	2.290003
4261	2.300003
4262	2.270003
4263	2.290003
4264	2.280003
4265	2.350003
4266	2.310003
4267	2.280003
4268	2.280003
4269	2.300003
4270	2.280003
4271	2.320003
4272	2.290003
4273	2.320003
4274	2.350003
4275	2.290003
4276	2.280003
4277	2.290003
4278	2.300003
4279	2.290003
4280	2.270003
4281	2.290003
4282	2.300003
4283	2.360003
4284	2.290003
4285	2.290003
4286	2.300003
4287	2.290004
4288	2.270003
4289	2.300003
4290	2.270003
4291	2.320003
4292	2.330003
4293	2.280003
4294	2.280003
4295	2.310003
4296	2.420003
4297	2.290003
4298	2.280003
4299	2.300003
4300	2.350003
4301	2.290003
4302	2.330003
4303	2.290003
4304	2.300003
4305	2.270003
4306	2.290003
4307	2.290003
4308	2.320003
4309	2.360003
4310	2.280004
4311	2.280003
4312	2.310003
4313	2.280003
4314	2.270003
4315	2.280003
4316	2.290003
4317	2.320004
4318	2.350003
4319	2.270003
4320	2.270003
4321	2.310003
4322	2.310003
4323	2.280003
4324	2.320003
4325	2.310003
4326	2.330003
4327	2.300003
4328	2.270003
4329	2.280003
4330	2.300003
4331	2.290003
4332	2.290003
4333	2.270003
4334	2.320003
4335	2.360003
4336	2.290003
4337	2.280003
4338	2.320003
4339	2.280003
4340	2.280003
4341	2.280003
4342	2.270003
4343	2.320003
4344	2.350003
4345	2.290003
4346	2.280003
4347	2.310003
4348	2.280003
4349	2.280003
4350	2.290003
4351	2.290003
4352	2.360003
4353	2.290003
4354	2.310003
4355	2.280003
4356	2.300003
4357	2.290003
4358	2.300003
4359	2.280003
4360	2.310003
4361	2.360003
4362	2.290003
4363	2.280003
4364	2.290003
4365	2.290003
4366	2.300003
4367	2.270003
4368	2.290003
4369	2.380003
4370	2.280003
4371	2.280003
4372	2.300003
4373	2.280003
4374	2.280003
4375	2.320003
4376	2.280003
4377	2.330003
4378	2.320004
4379	2.290003
4380	2.280003
4381	2.290003
4382	2.290003
4383	2.280004
4384	2.280003
4385	2.300003
4386	2.440003
4387	2.300004
4388	2.280003
4389	2.280003
4390	2.290003
4391	2.280003
4392	2.280003
4393	2.290003
4394	2.290003
4395	2.350003
4396	2.300003
4397	2.280003
4398	2.300004
4399	2.350003
4400	2.330003
4401	2.280003
4402	2.290003
4403	2.320003
4404	2.330003
4405	2.280003
4406	2.270003
4407	2.300004
4408	2.290003
4409	2.280003
4410	2.290003
4411	2.300003
4412	2.360003
4413	2.280003
4414	2.280003
4415	2.280003
4416	2.310003
4417	2.270003
4418	2.280004
4419	2.270003
4420	2.300003
4421	2.350003
4422	2.270003
4423	2.290003
4424	2.310003
4425	2.340003
4426	2.360003
4427	2.290003
4428	2.320003
4429	2.300003
4430	2.330003
4431	2.290003
4432	2.280003
4433	2.300003
4434	2.290003
4435	2.290003
4436	2.290003
4437	2.300003
4438	2.350003
4439	2.280003
4440	2.280003
4441	2.270003
4442	2.290003
4443	2.280003
4444	2.280003
4445	2.290003
4446	2.300003
4447	2.360003
4448	2.280003
4449	2.280003
4450	2.280003
4451	2.280003
4452	2.280003
4453	2.290003
4454	2.290003
4455	2.280003
4456	2.350003
4457	2.290003
4458	2.290003
4459	2.290003
4460	2.280003
4461	2.280003
4462	2.290003
4463	2.280003
4464	2.300003
4465	2.330003
4466	2.270003
4467	2.280003
4468	2.290003
4469	2.290003
4470	2.290003
4471	2.270003
4472	2.280003
4473	2.300003
4474	2.290003
4475	2.290003
4476	2.290003
4477	2.310003
4478	2.280003
4479	2.310003
4480	2.280003
4481	2.380003
4482	2.290003
4483	2.280003
4484	2.280003
4485	2.290003
4486	2.310003
4487	2.280003
4488	2.280003
4489	2.300003
4490	2.350003
4491	2.310003
4492	2.280003
4493	2.280003
4494	2.290003
4495	2.300003
4496	2.290003
4497	2.410003
4498	2.430004
4499	2.440003
4500	2.360003
4501	2.530003
4502	2.490004
4503	2.490003
4504	2.400003
4505	2.340003
4506	2.390003
4507	2.340003
4508	2.340003
4509	2.360003
4510	2.350003
4511	2.350003
4512	2.340003
4513	2.390003
4514	2.460004
4515	2.580003
4516	2.460003
4517	2.420003
4518	2.280003
4519	2.280003
4520	2.290003
4521	2.290003
4522	2.300003
4523	2.350003
4524	2.300003
4525	2.290003
4526	2.290003
4527	2.280003
4528	2.290004
4529	2.270003
4530	2.320003
4531	2.300003
4532	2.360003
4533	2.280003
4534	2.300004
4535	2.300003
4536	2.270003
4537	2.280003
4538	2.280003
4539	2.280003
4540	2.300003
4541	2.360003
4542	2.290003
4543	2.280003
4544	2.310003
4545	2.280003
4546	2.280003
4547	2.290003
4548	2.290003
4549	2.320003
4550	2.320004
4551	2.280003
4552	2.280003
4553	2.310003
4554	2.420003
4555	2.290003
4556	2.280003
4557	2.300003
4558	2.350003
4559	2.280003
4560	2.290003
4561	2.280003
4562	2.300003
4563	2.280003
4564	2.280003
4565	2.310003
4566	2.330003
4567	2.440004
4568	2.290003
4569	2.280003
4570	2.300003
4571	2.300003
4572	2.270003
4573	2.290003
4574	2.270003
4575	2.330003
4576	2.330003
4577	2.300003
4578	2.300003
4579	2.280003
4580	2.280003
4581	2.280003
4582	2.340003
4583	2.350003
4584	2.300003
4585	2.290003
4586	2.280003
4587	2.300003
4588	2.280003
4589	2.290003
4590	2.280003
4591	2.310003
4592	2.350003
4593	2.280003
4594	2.280003
4595	2.310003
4596	2.290003
4597	2.280003
4598	2.280003
4599	2.290003
4600	2.310003
4601	2.340003
4602	2.290003
4603	2.290003
4604	2.350003
4605	2.280003
4606	2.300003
4607	2.280003
4608	2.300004
4609	2.360003
4610	2.290003
4611	2.280003
4612	2.300003
4613	2.300003
4614	2.290003
4615	2.310003
4616	2.280003
4617	2.290003
4618	2.350003
4619	2.280004
4620	2.280003
4621	2.310003
4622	2.290003
4623	2.280003
4624	2.280003
4625	2.290004
4626	2.310003
4627	2.340003
4628	2.280003
4629	2.290003
4630	2.290003
4631	2.280003
4632	2.290003
4633	2.280003
4634	2.360003
4635	2.350003
4636	2.280003
4637	2.280003
4638	2.290003
4639	2.300003
4640	2.290003
4641	2.280003
4642	2.300003
4643	2.300003
4644	2.400003
4645	2.300003
4646	2.280004
4647	2.300003
4648	2.300003
4649	2.280003
4650	2.280003
4651	2.280003
4652	2.300003
4653	2.360003
4654	2.280003
4655	2.280004
4656	2.280003
4657	2.280003
4658	2.360003
4659	2.320003
4660	2.290003
4661	2.330003
4662	2.300003
4663	2.280003
4664	2.420003
4665	2.420003
4666	2.410003
4667	2.320003
4668	2.310003
4669	2.270003
4670	2.390004
4671	2.280003
4672	2.280003
4673	2.280003
4674	2.280003
4675	2.300003
4676	2.310003
4677	2.280003
4678	2.290003
4679	2.360003
4680	2.290003
4681	2.290003
4682	2.390003
4683	2.360003
4684	2.280003
4685	2.310003
4686	2.360003
4687	2.300003
4688	2.280003
4689	2.280003
4690	2.280003
4691	2.290003
4692	2.290003
4693	2.280003
4694	2.280003
4695	2.360003
4696	2.310003
4697	2.290003
4698	2.280003
4699	2.290003
4700	2.300003
4701	2.290003
4702	2.280003
4703	2.300003
4704	2.330003
4705	2.310003
4706	2.280003
4707	2.280003
4708	2.280003
4709	2.290003
4710	2.290003
4711	2.290003
4712	2.350003
4713	2.290003
4714	2.280003
4715	2.300003
4716	2.290003
4717	2.290003
4718	2.290003
4719	2.300003
4720	2.300003
4721	2.350003
4722	2.280003
4723	2.290003
4724	2.300003
4725	2.280003
4726	2.280003
4727	2.270003
4728	2.300003
4729	2.280003
4730	2.360003
4731	2.280003
4732	2.280003
4733	2.320003
4734	2.280003
4735	2.280003
4736	2.270003
4737	2.280003
4738	2.380003
4739	2.320004
4740	2.280003
4741	2.280003
4742	2.310003
4743	2.280003
4744	2.290003
4745	2.280003
4746	2.310003
4747	2.350003
4748	2.290003
4749	2.280003
4750	2.270003
4751	2.310003
4752	2.280003
4753	2.280003
4754	2.280003
4755	2.290003
4756	2.370003
4757	2.300003
4758	2.280003
4759	2.290003
4760	2.290003
4761	2.290003
4762	2.280003
4763	2.270003
4764	2.320004
4765	2.330003
4766	2.280003
4767	2.290004
4768	2.290003
4769	2.300003
4770	2.280003
4771	2.280003
4772	2.290003
4773	2.360003
4774	2.340003
4775	2.290003
4776	2.280003
4777	2.300003
4778	2.280003
4779	2.280003
4780	2.290003
4781	2.290003
4782	2.360003
4783	2.280003
4784	2.290003
4785	2.300003
4786	2.300003
4787	2.280003
4788	2.290003
4789	2.360003
4790	2.340003
4791	2.280003
4792	2.280003
4793	2.320003
4794	2.280003
4795	2.280003
4796	2.270003
4797	2.300003
4798	2.350003
4799	2.280003
4800	2.280003
4801	2.280003
4802	2.290003
4803	2.300003
4804	2.290003
4805	2.290003
4806	2.300003
4807	2.360003
4808	2.290003
4809	2.290003
4810	2.310003
4811	2.330003
4812	2.370003
4813	2.290003
4814	2.290003
4815	2.310003
4816	2.330003
4817	2.280003
4818	2.280003
4819	2.300003
4820	2.280003
4821	2.290003
4822	2.290003
4823	2.280003
4824	2.340003
4825	2.310003
4826	2.270003
4827	2.310003
4828	2.300003
4829	2.290003
4830	2.280003
4831	2.290003
4832	2.300003
4833	2.360003
4834	2.290003
4835	2.280003
4836	2.300003
4837	2.280003
4838	2.310003
4839	2.280003
4840	2.290003
4841	2.300003
4842	2.420003
4843	2.280003
4844	2.290003
4845	2.290003
4846	2.280003
4847	2.290003
4848	2.280003
4849	2.270003
4850	2.320003
4851	2.320003
4852	2.280003
4853	2.280003
4854	2.290003
4855	2.280003
4856	2.280003
4857	2.300003
4858	2.270003
4859	2.360003
4860	2.280003
4861	2.280003
4862	2.280003
4863	2.280003
4864	2.280003
4865	2.280003
4866	2.280003
4867	2.280003
4868	2.350003
4869	2.280003
4870	2.280003
4871	2.280003
4872	2.290003
4873	2.290003
4874	2.280003
4875	2.290003
4876	2.300003
4877	2.350003
4878	2.270003
4879	2.290003
4880	2.280003
4881	2.280003
4882	2.280003
4883	2.280003
4884	2.280003
4885	2.360003
4886	2.280003
4887	2.280003
4888	2.270003
4889	2.300003
4890	2.280003
4891	2.280003
4892	2.290003
4893	2.440003
4894	2.280003
4895	2.280003
4896	2.280003
4897	2.320003
4898	2.290003
4899	2.290003
4900	2.270003
4901	2.290003
4902	2.430003
4903	2.270003
4904	2.290003
4905	2.290003
4906	2.300003
4907	2.290003
4908	2.290003
4909	2.280003
4910	2.350003
4911	2.310003
4912	2.290003
4913	2.280003
4914	2.280003
4915	2.300003
4916	2.310003
4917	2.390003
4918	2.290003
4919	2.350003
4920	2.300003
4921	2.280003
4922	2.290003
4923	2.290003
4924	2.280003
4925	2.310003
4926	2.270003
4927	2.280003
4928	2.360003
4929	2.300003
4930	2.280003
4931	2.290003
4932	2.270003
4933	2.300003
4934	2.310003
4935	2.280003
4936	2.340003
4937	2.310003
4938	2.310003
4939	2.280003
4940	2.280003
4941	2.380003
4942	2.340003
4943	2.300004
4944	2.290003
4945	2.350003
4946	2.310003
4947	2.290003
4948	2.300003
4949	2.280003
4950	2.280003
4951	2.280003
4952	2.290003
4953	2.290003
4954	2.350003
4955	2.290003
4956	2.300003
4957	2.290003
4958	2.280003
4959	2.290003
4960	2.280003
4961	2.310003
4962	2.340003
4963	2.310003
4964	2.280003
4965	2.290003
4966	2.310003
4967	2.280003
4968	2.300004
4969	2.280003
4970	2.300003
4971	2.360003
4972	2.290003
4973	2.290003
4974	2.280003
4975	2.290003
4976	2.290003
4977	2.300003
4978	2.280003
4979	2.300003
4980	2.360003
4981	2.280003
4982	2.290003
4983	2.300003
4984	2.290003
4985	2.290003
4986	2.280003
4987	2.270003
4988	2.320003
4989	2.320003
4990	2.280003
4991	2.280003
4992	2.300003
4993	2.290003
4994	2.290003
4995	2.300003
4996	2.340003
4997	2.330003
4998	2.290003
4999	2.270003
5000	2.300003
5001	2.290003
5002	2.290003
5003	2.290003
5004	2.300003
5005	2.360003
5006	2.280003
5007	2.290003
5008	2.300003
5009	2.280003
5010	2.280003
5011	2.280003
5012	2.290003
5013	2.320003
5014	2.360003
5015	2.280003
5016	2.290003
5017	2.320003
5018	2.290003
5019	2.280003
5020	2.290003
5021	2.300003
5022	2.340003
5023	2.290003
5024	2.290003
5025	2.290003
5026	2.310003
5027	2.280003
5028	2.290003
5029	2.280003
5030	2.290003
5031	2.390003
5032	2.310003
5033	2.280003
5034	2.300003
5035	2.290003
5036	2.280003
5037	2.290003
5038	2.280003
5039	2.290003
5040	2.360003
5041	2.290003
5042	2.280003
5043	2.290003
5044	2.290003
5045	2.280003
5046	2.290003
5047	2.300003
5048	2.340003
5049	2.300004
5050	2.310003
5051	2.280003
5052	2.310003
5053	2.290003
5054	2.280003
5055	2.290003
5056	2.300003
5057	2.350003
5058	2.280003
5059	2.290003
5060	2.290003
5061	2.300004
5062	2.280003
5063	2.300003
5064	2.280003
5065	2.310003
5066	2.360003
5067	2.280003
5068	2.280003
5069	2.290003
5070	2.340003
5071	2.360003
5072	2.290003
5073	2.300003
5074	2.310003
5075	2.320003
5076	2.270003
5077	2.290003
5078	2.280003
5079	2.290003
5080	2.280004
5081	2.270003
5082	2.300003
5083	2.350003
5084	2.290004
5085	2.270003
5086	2.290003
5087	2.290003
5088	2.290003
5089	2.280003
5090	2.280003
5091	2.270003
5092	2.360003
5093	2.280003
5094	2.280003
5095	2.290003
5096	2.280003
5097	2.300004
5098	2.280003
5099	2.290003
5100	2.350003
5101	2.340003
5102	2.290003
5103	2.270003
5104	2.290003
5105	2.300003
5106	2.280003
5107	2.290003
5108	2.330003
5109	2.300003
5110	2.290003
5111	2.290003
5112	2.290003
5113	2.280003
5114	2.280003
5115	2.300004
5116	2.280003
5117	2.360003
5118	2.280003
5119	2.290003
5120	2.280003
5121	2.290003
5122	2.290003
5123	2.280003
5124	2.310003
5125	2.280003
5126	2.360003
5127	2.290003
5128	2.290003
5129	2.280003
5130	2.290003
5131	2.300003
5132	2.270003
5133	2.300004
5134	2.330003
5135	2.310003
5136	2.280003
5137	2.310003
5138	2.280003
5139	2.280003
5140	2.280003
5141	2.290003
5142	2.310003
5143	2.350003
5144	2.290003
5145	2.290003
5146	2.300003
5147	2.300003
5148	2.290003
5149	2.280003
5150	2.280003
5151	2.300003
5152	2.370003
5153	2.280003
5154	2.310003
5155	2.310003
5156	2.280003
5157	2.280004
5158	2.290003
5159	2.280003
5160	2.310003
5161	2.390003
5162	2.290003
5163	2.280003
5164	2.310003
5165	2.290004
5166	2.280003
5167	2.280003
5168	2.300003
5169	2.350003
5170	2.280003
5171	2.300003
5172	2.270003
5173	2.320004
5174	2.270003
5175	2.280003
5176	2.340003
5177	2.370003
5178	2.350003
5179	2.280003
5180	2.280003
5181	2.300003
5182	2.290003
5183	2.280003
5184	2.290003
5185	2.290003
5186	2.310003
5187	2.350003
5188	2.270003
5189	2.290003
5190	2.300003
5191	2.290003
5192	2.280003
5193	2.280003
5194	2.300003
5195	2.360003
5196	2.290003
5197	2.270003
5198	2.300003
5199	2.300003
5200	2.380003
